-265.700000 -47.400000 0.000000 -171.225000 -47.400000 0.000000 -76.750000 -47.400000 0.000000 0.325000 -47.400000 0.000000 
-265.700000 -42.400000 0.000000 -112.500000 -25.000000 0.000000 -55.000000 -25.000000 0.000000 2.500000 -25.000000 0.000000 
-265.700000 -37.400000 0.000000 -112.500000 -20.000000 0.000000 -55.000000 -20.000000 0.000000 2.500000 -20.000000 0.000000 
-265.700000 -32.400000 0.000000 -112.500000 -15.000000 0.000000 -55.000000 -15.000000 0.000000 2.500000 -15.000000 0.000000 

0.325000 -47.400000 0.000000 94.800000 -47.400000 0.000000 189.275000 -47.400000 0.000000 283.750000 -47.400000 0.000000 
2.500000 -25.000000 0.000000 60.000000 -25.000000 0.000000 117.500000 -25.000000 0.000000 283.750000 -42.400000 0.000000 
2.500000 -20.000000 0.000000 60.000000 -20.000000 0.000000 117.500000 -20.000000 0.000000 283.750000 -37.400000 0.000000 
2.500000 -15.000000 0.000000 60.000000 -15.000000 0.000000 117.500000 -15.000000 0.000000 283.750000 -32.400000 0.000000 

-265.700000 -32.400000 0.000000 -112.500000 -15.000000 0.000000 -55.000000 -15.000000 0.000000 2.500000 -15.000000 0.000000 
-265.700000 -27.400000 0.000000 -112.500000 -10.000000 0.000000 -55.000000 -10.000000 0.000000 2.500000 -10.000000 0.000000 
-265.700000 -22.400000 0.000000 -112.500000 -5.000000 0.000000 -55.000000 -5.000000 0.000000 2.500000 -5.000000 0.000000 
-265.700000 -17.400000 0.000000 -171.225000 13.050000 0.000000 -76.750000 78.300000 0.000000 0.325000 73.950000 0.000000 

2.500000 -15.000000 0.000000 60.000000 -15.000000 0.000000 117.500000 -15.000000 0.000000 283.750000 -32.400000 0.000000 
2.500000 -10.000000 0.000000 60.000000 -10.000000 0.000000 117.500000 -10.000000 0.000000 283.750000 -27.400000 0.000000 
2.500000 -5.000000 0.000000 60.000000 -5.000000 0.000000 117.500000 -5.000000 0.000000 283.750000 -22.400000 0.000000 
0.325000 73.950000 0.000000 94.800000 78.300000 0.000000 189.275000 13.050000 0.000000 283.750000 -17.400000 0.000000 

