-192.000000 -34.000000 0.000000 -126.000000 -34.000000 0.000000 -60.000000 -34.000000 0.000000 2.000000 -34.000000 0.000000 
-192.000000 -29.000000 0.000000 -112.500000 -25.000000 0.000000 -55.000000 -25.000000 0.000000 2.500000 -25.000000 0.000000 
-192.000000 -24.000000 0.000000 -112.500000 -20.000000 0.000000 -55.000000 -20.000000 0.000000 2.500000 -20.000000 0.000000 
-192.000000 -19.000000 0.000000 -112.500000 -15.000000 0.000000 -55.000000 -15.000000 0.000000 2.500000 -15.000000 0.000000 

2.000000 -34.000000 0.000000 68.000000 -34.000000 0.000000 134.000000 -34.000000 0.000000 200.000000 -34.000000 0.000000 
2.500000 -25.000000 0.000000 60.000000 -25.000000 0.000000 117.500000 -25.000000 0.000000 200.000000 -29.000000 0.000000 
2.500000 -20.000000 0.000000 60.000000 -20.000000 0.000000 117.500000 -20.000000 0.000000 200.000000 -24.000000 0.000000 
2.500000 -15.000000 0.000000 60.000000 -15.000000 0.000000 117.500000 -15.000000 0.000000 200.000000 -19.000000 0.000000 

-192.000000 -19.000000 0.000000 -112.500000 -15.000000 0.000000 -55.000000 -15.000000 0.000000 2.500000 -15.000000 0.000000 
-192.000000 -14.000000 0.000000 -112.500000 -10.000000 0.000000 -55.000000 -10.000000 0.000000 2.500000 -10.000000 0.000000 
-192.000000 -9.000000 0.000000 -112.500000 -5.000000 0.000000 -55.000000 -5.000000 0.000000 2.500000 -5.000000 0.000000 
-192.000000 -4.000000 0.000000 -126.000000 3.000000 0.000000 -60.000000 18.000000 0.000000 2.000000 17.000000 0.000000 

2.500000 -15.000000 0.000000 60.000000 -15.000000 0.000000 117.500000 -15.000000 0.000000 200.000000 -19.000000 0.000000 
2.500000 -10.000000 0.000000 60.000000 -10.000000 0.000000 117.500000 -10.000000 0.000000 200.000000 -14.000000 0.000000 
2.500000 -5.000000 0.000000 60.000000 -5.000000 0.000000 117.500000 -5.000000 0.000000 200.000000 -9.000000 0.000000 
2.000000 17.000000 0.000000 68.000000 18.000000 0.000000 134.000000 3.000000 0.000000 200.000000 -4.000000 0.000000 

