-247.000000 -44.000000 0.000000 -159.750000 -44.000000 0.000000 -72.500000 -44.000000 0.000000 0.750000 -44.000000 0.000000 
-247.000000 -39.000000 0.000000 -112.500000 -25.000000 0.000000 -55.000000 -25.000000 0.000000 2.500000 -25.000000 0.000000 
-247.000000 -34.000000 0.000000 -112.500000 -20.000000 0.000000 -55.000000 -20.000000 0.000000 2.500000 -20.000000 0.000000 
-247.000000 -29.000000 0.000000 -112.500000 -15.000000 0.000000 -55.000000 -15.000000 0.000000 2.500000 -15.000000 0.000000 

0.750000 -44.000000 0.000000 88.000000 -44.000000 0.000000 175.250000 -44.000000 0.000000 262.500000 -44.000000 0.000000 
2.500000 -25.000000 0.000000 60.000000 -25.000000 0.000000 117.500000 -25.000000 0.000000 262.500000 -39.000000 0.000000 
2.500000 -20.000000 0.000000 60.000000 -20.000000 0.000000 117.500000 -20.000000 0.000000 262.500000 -34.000000 0.000000 
2.500000 -15.000000 0.000000 60.000000 -15.000000 0.000000 117.500000 -15.000000 0.000000 262.500000 -29.000000 0.000000 

-247.000000 -29.000000 0.000000 -112.500000 -15.000000 0.000000 -55.000000 -15.000000 0.000000 2.500000 -15.000000 0.000000 
-247.000000 -24.000000 0.000000 -112.500000 -10.000000 0.000000 -55.000000 -10.000000 0.000000 2.500000 -10.000000 0.000000 
-247.000000 -19.000000 0.000000 -112.500000 -5.000000 0.000000 -55.000000 -5.000000 0.000000 2.500000 -5.000000 0.000000 
-247.000000 -14.000000 0.000000 -159.750000 10.500000 0.000000 -72.500000 63.000000 0.000000 0.750000 59.500000 0.000000 

2.500000 -15.000000 0.000000 60.000000 -15.000000 0.000000 117.500000 -15.000000 0.000000 262.500000 -29.000000 0.000000 
2.500000 -10.000000 0.000000 60.000000 -10.000000 0.000000 117.500000 -10.000000 0.000000 262.500000 -24.000000 0.000000 
2.500000 -5.000000 0.000000 60.000000 -5.000000 0.000000 117.500000 -5.000000 0.000000 262.500000 -19.000000 0.000000 
0.750000 59.500000 0.000000 88.000000 63.000000 0.000000 175.250000 10.500000 0.000000 262.500000 -14.000000 0.000000 

