-270.100000 -48.200000 0.000000 -173.925000 -48.200000 0.000000 -77.750000 -48.200000 0.000000 0.225000 -48.200000 0.000000 
-270.100000 -43.200000 0.000000 -112.500000 -25.000000 0.000000 -55.000000 -25.000000 0.000000 2.500000 -25.000000 0.000000 
-270.100000 -38.200000 0.000000 -112.500000 -20.000000 0.000000 -55.000000 -20.000000 0.000000 2.500000 -20.000000 0.000000 
-270.100000 -33.200000 0.000000 -112.500000 -15.000000 0.000000 -55.000000 -15.000000 0.000000 2.500000 -15.000000 0.000000 

0.225000 -48.200000 0.000000 96.400000 -48.200000 0.000000 192.575000 -48.200000 0.000000 288.750000 -48.200000 0.000000 
2.500000 -25.000000 0.000000 60.000000 -25.000000 0.000000 117.500000 -25.000000 0.000000 288.750000 -43.200000 0.000000 
2.500000 -20.000000 0.000000 60.000000 -20.000000 0.000000 117.500000 -20.000000 0.000000 288.750000 -38.200000 0.000000 
2.500000 -15.000000 0.000000 60.000000 -15.000000 0.000000 117.500000 -15.000000 0.000000 288.750000 -33.200000 0.000000 

-270.100000 -33.200000 0.000000 -112.500000 -15.000000 0.000000 -55.000000 -15.000000 0.000000 2.500000 -15.000000 0.000000 
-270.100000 -28.200000 0.000000 -112.500000 -10.000000 0.000000 -55.000000 -10.000000 0.000000 2.500000 -10.000000 0.000000 
-270.100000 -23.200000 0.000000 -112.500000 -5.000000 0.000000 -55.000000 -5.000000 0.000000 2.500000 -5.000000 0.000000 
-270.100000 -18.200000 0.000000 -173.925000 13.650000 0.000000 -77.750000 81.900000 0.000000 0.225000 77.350000 0.000000 

2.500000 -15.000000 0.000000 60.000000 -15.000000 0.000000 117.500000 -15.000000 0.000000 288.750000 -33.200000 0.000000 
2.500000 -10.000000 0.000000 60.000000 -10.000000 0.000000 117.500000 -10.000000 0.000000 288.750000 -28.200000 0.000000 
2.500000 -5.000000 0.000000 60.000000 -5.000000 0.000000 117.500000 -5.000000 0.000000 288.750000 -23.200000 0.000000 
0.225000 77.350000 0.000000 96.400000 81.900000 0.000000 192.575000 13.650000 0.000000 288.750000 -18.200000 0.000000 

