-194.200000 -34.400000 0.000000 -127.350000 -34.400000 0.000000 -60.500000 -34.400000 0.000000 1.950000 -34.400000 0.000000 
-194.200000 -29.400000 0.000000 -112.500000 -25.000000 0.000000 -55.000000 -25.000000 0.000000 2.500000 -25.000000 0.000000 
-194.200000 -24.400000 0.000000 -112.500000 -20.000000 0.000000 -55.000000 -20.000000 0.000000 2.500000 -20.000000 0.000000 
-194.200000 -19.400000 0.000000 -112.500000 -15.000000 0.000000 -55.000000 -15.000000 0.000000 2.500000 -15.000000 0.000000 

1.950000 -34.400000 0.000000 68.800000 -34.400000 0.000000 135.650000 -34.400000 0.000000 202.500000 -34.400000 0.000000 
2.500000 -25.000000 0.000000 60.000000 -25.000000 0.000000 117.500000 -25.000000 0.000000 202.500000 -29.400000 0.000000 
2.500000 -20.000000 0.000000 60.000000 -20.000000 0.000000 117.500000 -20.000000 0.000000 202.500000 -24.400000 0.000000 
2.500000 -15.000000 0.000000 60.000000 -15.000000 0.000000 117.500000 -15.000000 0.000000 202.500000 -19.400000 0.000000 

-194.200000 -19.400000 0.000000 -112.500000 -15.000000 0.000000 -55.000000 -15.000000 0.000000 2.500000 -15.000000 0.000000 
-194.200000 -14.400000 0.000000 -112.500000 -10.000000 0.000000 -55.000000 -10.000000 0.000000 2.500000 -10.000000 0.000000 
-194.200000 -9.400000 0.000000 -112.500000 -5.000000 0.000000 -55.000000 -5.000000 0.000000 2.500000 -5.000000 0.000000 
-194.200000 -4.400000 0.000000 -127.350000 3.300000 0.000000 -60.500000 19.800000 0.000000 1.950000 18.700000 0.000000 

2.500000 -15.000000 0.000000 60.000000 -15.000000 0.000000 117.500000 -15.000000 0.000000 202.500000 -19.400000 0.000000 
2.500000 -10.000000 0.000000 60.000000 -10.000000 0.000000 117.500000 -10.000000 0.000000 202.500000 -14.400000 0.000000 
2.500000 -5.000000 0.000000 60.000000 -5.000000 0.000000 117.500000 -5.000000 0.000000 202.500000 -9.400000 0.000000 
1.950000 18.700000 0.000000 68.800000 19.800000 0.000000 135.650000 3.300000 0.000000 202.500000 -4.400000 0.000000 

