-226.100000 -40.200000 0.000000 -146.925000 -40.200000 0.000000 -67.750000 -40.200000 0.000000 1.225000 -40.200000 0.000000 
-226.100000 -35.200000 0.000000 -112.500000 -25.000000 0.000000 -55.000000 -25.000000 0.000000 2.500000 -25.000000 0.000000 
-226.100000 -30.200000 0.000000 -112.500000 -20.000000 0.000000 -55.000000 -20.000000 0.000000 2.500000 -20.000000 0.000000 
-226.100000 -25.200000 0.000000 -112.500000 -15.000000 0.000000 -55.000000 -15.000000 0.000000 2.500000 -15.000000 0.000000 

1.225000 -40.200000 0.000000 80.400000 -40.200000 0.000000 159.575000 -40.200000 0.000000 238.750000 -40.200000 0.000000 
2.500000 -25.000000 0.000000 60.000000 -25.000000 0.000000 117.500000 -25.000000 0.000000 238.750000 -35.200000 0.000000 
2.500000 -20.000000 0.000000 60.000000 -20.000000 0.000000 117.500000 -20.000000 0.000000 238.750000 -30.200000 0.000000 
2.500000 -15.000000 0.000000 60.000000 -15.000000 0.000000 117.500000 -15.000000 0.000000 238.750000 -25.200000 0.000000 

-226.100000 -25.200000 0.000000 -112.500000 -15.000000 0.000000 -55.000000 -15.000000 0.000000 2.500000 -15.000000 0.000000 
-226.100000 -20.200000 0.000000 -112.500000 -10.000000 0.000000 -55.000000 -10.000000 0.000000 2.500000 -10.000000 0.000000 
-226.100000 -15.200000 0.000000 -112.500000 -5.000000 0.000000 -55.000000 -5.000000 0.000000 2.500000 -5.000000 0.000000 
-226.100000 -10.200000 0.000000 -146.925000 7.650000 0.000000 -67.750000 45.900000 0.000000 1.225000 43.350000 0.000000 

2.500000 -15.000000 0.000000 60.000000 -15.000000 0.000000 117.500000 -15.000000 0.000000 238.750000 -25.200000 0.000000 
2.500000 -10.000000 0.000000 60.000000 -10.000000 0.000000 117.500000 -10.000000 0.000000 238.750000 -20.200000 0.000000 
2.500000 -5.000000 0.000000 60.000000 -5.000000 0.000000 117.500000 -5.000000 0.000000 238.750000 -15.200000 0.000000 
1.225000 43.350000 0.000000 80.400000 45.900000 0.000000 159.575000 7.650000 0.000000 238.750000 -10.200000 0.000000 

