-219.500000 -39.000000 0.000000 -142.875000 -39.000000 0.000000 -66.250000 -39.000000 0.000000 1.375000 -39.000000 0.000000 
-219.500000 -34.000000 0.000000 -112.500000 -25.000000 0.000000 -55.000000 -25.000000 0.000000 2.500000 -25.000000 0.000000 
-219.500000 -29.000000 0.000000 -112.500000 -20.000000 0.000000 -55.000000 -20.000000 0.000000 2.500000 -20.000000 0.000000 
-219.500000 -24.000000 0.000000 -112.500000 -15.000000 0.000000 -55.000000 -15.000000 0.000000 2.500000 -15.000000 0.000000 

1.375000 -39.000000 0.000000 78.000000 -39.000000 0.000000 154.625000 -39.000000 0.000000 231.250000 -39.000000 0.000000 
2.500000 -25.000000 0.000000 60.000000 -25.000000 0.000000 117.500000 -25.000000 0.000000 231.250000 -34.000000 0.000000 
2.500000 -20.000000 0.000000 60.000000 -20.000000 0.000000 117.500000 -20.000000 0.000000 231.250000 -29.000000 0.000000 
2.500000 -15.000000 0.000000 60.000000 -15.000000 0.000000 117.500000 -15.000000 0.000000 231.250000 -24.000000 0.000000 

-219.500000 -24.000000 0.000000 -112.500000 -15.000000 0.000000 -55.000000 -15.000000 0.000000 2.500000 -15.000000 0.000000 
-219.500000 -19.000000 0.000000 -112.500000 -10.000000 0.000000 -55.000000 -10.000000 0.000000 2.500000 -10.000000 0.000000 
-219.500000 -14.000000 0.000000 -112.500000 -5.000000 0.000000 -55.000000 -5.000000 0.000000 2.500000 -5.000000 0.000000 
-219.500000 -9.000000 0.000000 -142.875000 6.750000 0.000000 -66.250000 40.500000 0.000000 1.375000 38.250000 0.000000 

2.500000 -15.000000 0.000000 60.000000 -15.000000 0.000000 117.500000 -15.000000 0.000000 231.250000 -24.000000 0.000000 
2.500000 -10.000000 0.000000 60.000000 -10.000000 0.000000 117.500000 -10.000000 0.000000 231.250000 -19.000000 0.000000 
2.500000 -5.000000 0.000000 60.000000 -5.000000 0.000000 117.500000 -5.000000 0.000000 231.250000 -14.000000 0.000000 
1.375000 38.250000 0.000000 78.000000 40.500000 0.000000 154.625000 6.750000 0.000000 231.250000 -9.000000 0.000000 

