-273.400000 -48.800000 0.000000 -175.950000 -48.800000 0.000000 -78.500000 -48.800000 0.000000 0.150000 -48.800000 0.000000 
-273.400000 -43.800000 0.000000 -112.500000 -25.000000 0.000000 -55.000000 -25.000000 0.000000 2.500000 -25.000000 0.000000 
-273.400000 -38.800000 0.000000 -112.500000 -20.000000 0.000000 -55.000000 -20.000000 0.000000 2.500000 -20.000000 0.000000 
-273.400000 -33.800000 0.000000 -112.500000 -15.000000 0.000000 -55.000000 -15.000000 0.000000 2.500000 -15.000000 0.000000 

0.150000 -48.800000 0.000000 97.600000 -48.800000 0.000000 195.050000 -48.800000 0.000000 292.500000 -48.800000 0.000000 
2.500000 -25.000000 0.000000 60.000000 -25.000000 0.000000 117.500000 -25.000000 0.000000 292.500000 -43.800000 0.000000 
2.500000 -20.000000 0.000000 60.000000 -20.000000 0.000000 117.500000 -20.000000 0.000000 292.500000 -38.800000 0.000000 
2.500000 -15.000000 0.000000 60.000000 -15.000000 0.000000 117.500000 -15.000000 0.000000 292.500000 -33.800000 0.000000 

-273.400000 -33.800000 0.000000 -112.500000 -15.000000 0.000000 -55.000000 -15.000000 0.000000 2.500000 -15.000000 0.000000 
-273.400000 -28.800000 0.000000 -112.500000 -10.000000 0.000000 -55.000000 -10.000000 0.000000 2.500000 -10.000000 0.000000 
-273.400000 -23.800000 0.000000 -112.500000 -5.000000 0.000000 -55.000000 -5.000000 0.000000 2.500000 -5.000000 0.000000 
-273.400000 -18.800000 0.000000 -175.950000 14.100000 0.000000 -78.500000 84.600000 0.000000 0.150000 79.900000 0.000000 

2.500000 -15.000000 0.000000 60.000000 -15.000000 0.000000 117.500000 -15.000000 0.000000 292.500000 -33.800000 0.000000 
2.500000 -10.000000 0.000000 60.000000 -10.000000 0.000000 117.500000 -10.000000 0.000000 292.500000 -28.800000 0.000000 
2.500000 -5.000000 0.000000 60.000000 -5.000000 0.000000 117.500000 -5.000000 0.000000 292.500000 -23.800000 0.000000 
0.150000 79.900000 0.000000 97.600000 84.600000 0.000000 195.050000 14.100000 0.000000 292.500000 -18.800000 0.000000 

