-210.700000 -37.400000 0.000000 -137.475000 -37.400000 0.000000 -64.250000 -37.400000 0.000000 1.575000 -37.400000 0.000000 
-210.700000 -32.400000 0.000000 -112.500000 -25.000000 0.000000 -55.000000 -25.000000 0.000000 2.500000 -25.000000 0.000000 
-210.700000 -27.400000 0.000000 -112.500000 -20.000000 0.000000 -55.000000 -20.000000 0.000000 2.500000 -20.000000 0.000000 
-210.700000 -22.400000 0.000000 -112.500000 -15.000000 0.000000 -55.000000 -15.000000 0.000000 2.500000 -15.000000 0.000000 

1.575000 -37.400000 0.000000 74.800000 -37.400000 0.000000 148.025000 -37.400000 0.000000 221.250000 -37.400000 0.000000 
2.500000 -25.000000 0.000000 60.000000 -25.000000 0.000000 117.500000 -25.000000 0.000000 221.250000 -32.400000 0.000000 
2.500000 -20.000000 0.000000 60.000000 -20.000000 0.000000 117.500000 -20.000000 0.000000 221.250000 -27.400000 0.000000 
2.500000 -15.000000 0.000000 60.000000 -15.000000 0.000000 117.500000 -15.000000 0.000000 221.250000 -22.400000 0.000000 

-210.700000 -22.400000 0.000000 -112.500000 -15.000000 0.000000 -55.000000 -15.000000 0.000000 2.500000 -15.000000 0.000000 
-210.700000 -17.400000 0.000000 -112.500000 -10.000000 0.000000 -55.000000 -10.000000 0.000000 2.500000 -10.000000 0.000000 
-210.700000 -12.400000 0.000000 -112.500000 -5.000000 0.000000 -55.000000 -5.000000 0.000000 2.500000 -5.000000 0.000000 
-210.700000 -7.400000 0.000000 -137.475000 5.550000 0.000000 -64.250000 33.300000 0.000000 1.575000 31.450000 0.000000 

2.500000 -15.000000 0.000000 60.000000 -15.000000 0.000000 117.500000 -15.000000 0.000000 221.250000 -22.400000 0.000000 
2.500000 -10.000000 0.000000 60.000000 -10.000000 0.000000 117.500000 -10.000000 0.000000 221.250000 -17.400000 0.000000 
2.500000 -5.000000 0.000000 60.000000 -5.000000 0.000000 117.500000 -5.000000 0.000000 221.250000 -12.400000 0.000000 
1.575000 31.450000 0.000000 74.800000 33.300000 0.000000 148.025000 5.550000 0.000000 221.250000 -7.400000 0.000000 

