-262.400000 -46.800000 0.000000 -169.200000 -46.800000 0.000000 -76.000000 -46.800000 0.000000 0.400000 -46.800000 0.000000 
-262.400000 -41.800000 0.000000 -112.500000 -25.000000 0.000000 -55.000000 -25.000000 0.000000 2.500000 -25.000000 0.000000 
-262.400000 -36.800000 0.000000 -112.500000 -20.000000 0.000000 -55.000000 -20.000000 0.000000 2.500000 -20.000000 0.000000 
-262.400000 -31.800000 0.000000 -112.500000 -15.000000 0.000000 -55.000000 -15.000000 0.000000 2.500000 -15.000000 0.000000 

0.400000 -46.800000 0.000000 93.600000 -46.800000 0.000000 186.800000 -46.800000 0.000000 280.000000 -46.800000 0.000000 
2.500000 -25.000000 0.000000 60.000000 -25.000000 0.000000 117.500000 -25.000000 0.000000 280.000000 -41.800000 0.000000 
2.500000 -20.000000 0.000000 60.000000 -20.000000 0.000000 117.500000 -20.000000 0.000000 280.000000 -36.800000 0.000000 
2.500000 -15.000000 0.000000 60.000000 -15.000000 0.000000 117.500000 -15.000000 0.000000 280.000000 -31.800000 0.000000 

-262.400000 -31.800000 0.000000 -112.500000 -15.000000 0.000000 -55.000000 -15.000000 0.000000 2.500000 -15.000000 0.000000 
-262.400000 -26.800000 0.000000 -112.500000 -10.000000 0.000000 -55.000000 -10.000000 0.000000 2.500000 -10.000000 0.000000 
-262.400000 -21.800000 0.000000 -112.500000 -5.000000 0.000000 -55.000000 -5.000000 0.000000 2.500000 -5.000000 0.000000 
-262.400000 -16.800000 0.000000 -169.200000 12.600000 0.000000 -76.000000 75.600000 0.000000 0.400000 71.400000 0.000000 

2.500000 -15.000000 0.000000 60.000000 -15.000000 0.000000 117.500000 -15.000000 0.000000 280.000000 -31.800000 0.000000 
2.500000 -10.000000 0.000000 60.000000 -10.000000 0.000000 117.500000 -10.000000 0.000000 280.000000 -26.800000 0.000000 
2.500000 -5.000000 0.000000 60.000000 -5.000000 0.000000 117.500000 -5.000000 0.000000 280.000000 -21.800000 0.000000 
0.400000 71.400000 0.000000 93.600000 75.600000 0.000000 186.800000 12.600000 0.000000 280.000000 -16.800000 0.000000 

