-189.800000 -33.600000 0.000000 -124.650000 -33.600000 0.000000 -59.500000 -33.600000 0.000000 2.050000 -33.600000 0.000000 
-189.800000 -28.600000 0.000000 -112.500000 -25.000000 0.000000 -55.000000 -25.000000 0.000000 2.500000 -25.000000 0.000000 
-189.800000 -23.600000 0.000000 -112.500000 -20.000000 0.000000 -55.000000 -20.000000 0.000000 2.500000 -20.000000 0.000000 
-189.800000 -18.600000 0.000000 -112.500000 -15.000000 0.000000 -55.000000 -15.000000 0.000000 2.500000 -15.000000 0.000000 

2.050000 -33.600000 0.000000 67.200000 -33.600000 0.000000 132.350000 -33.600000 0.000000 197.500000 -33.600000 0.000000 
2.500000 -25.000000 0.000000 60.000000 -25.000000 0.000000 117.500000 -25.000000 0.000000 197.500000 -28.600000 0.000000 
2.500000 -20.000000 0.000000 60.000000 -20.000000 0.000000 117.500000 -20.000000 0.000000 197.500000 -23.600000 0.000000 
2.500000 -15.000000 0.000000 60.000000 -15.000000 0.000000 117.500000 -15.000000 0.000000 197.500000 -18.600000 0.000000 

-189.800000 -18.600000 0.000000 -112.500000 -15.000000 0.000000 -55.000000 -15.000000 0.000000 2.500000 -15.000000 0.000000 
-189.800000 -13.600000 0.000000 -112.500000 -10.000000 0.000000 -55.000000 -10.000000 0.000000 2.500000 -10.000000 0.000000 
-189.800000 -8.600000 0.000000 -112.500000 -5.000000 0.000000 -55.000000 -5.000000 0.000000 2.500000 -5.000000 0.000000 
-189.800000 -3.600000 0.000000 -124.650000 2.700000 0.000000 -59.500000 16.200000 0.000000 2.050000 15.300000 0.000000 

2.500000 -15.000000 0.000000 60.000000 -15.000000 0.000000 117.500000 -15.000000 0.000000 197.500000 -18.600000 0.000000 
2.500000 -10.000000 0.000000 60.000000 -10.000000 0.000000 117.500000 -10.000000 0.000000 197.500000 -13.600000 0.000000 
2.500000 -5.000000 0.000000 60.000000 -5.000000 0.000000 117.500000 -5.000000 0.000000 197.500000 -8.600000 0.000000 
2.050000 15.300000 0.000000 67.200000 16.200000 0.000000 132.350000 2.700000 0.000000 197.500000 -3.600000 0.000000 

