-216.200000 -38.400000 0.000000 -140.850000 -38.400000 0.000000 -65.500000 -38.400000 0.000000 1.450000 -38.400000 0.000000 
-216.200000 -33.400000 0.000000 -112.500000 -25.000000 0.000000 -55.000000 -25.000000 0.000000 2.500000 -25.000000 0.000000 
-216.200000 -28.400000 0.000000 -112.500000 -20.000000 0.000000 -55.000000 -20.000000 0.000000 2.500000 -20.000000 0.000000 
-216.200000 -23.400000 0.000000 -112.500000 -15.000000 0.000000 -55.000000 -15.000000 0.000000 2.500000 -15.000000 0.000000 

1.450000 -38.400000 0.000000 76.800000 -38.400000 0.000000 152.150000 -38.400000 0.000000 227.500000 -38.400000 0.000000 
2.500000 -25.000000 0.000000 60.000000 -25.000000 0.000000 117.500000 -25.000000 0.000000 227.500000 -33.400000 0.000000 
2.500000 -20.000000 0.000000 60.000000 -20.000000 0.000000 117.500000 -20.000000 0.000000 227.500000 -28.400000 0.000000 
2.500000 -15.000000 0.000000 60.000000 -15.000000 0.000000 117.500000 -15.000000 0.000000 227.500000 -23.400000 0.000000 

-216.200000 -23.400000 0.000000 -112.500000 -15.000000 0.000000 -55.000000 -15.000000 0.000000 2.500000 -15.000000 0.000000 
-216.200000 -18.400000 0.000000 -112.500000 -10.000000 0.000000 -55.000000 -10.000000 0.000000 2.500000 -10.000000 0.000000 
-216.200000 -13.400000 0.000000 -112.500000 -5.000000 0.000000 -55.000000 -5.000000 0.000000 2.500000 -5.000000 0.000000 
-216.200000 -8.400000 0.000000 -140.850000 6.300000 0.000000 -65.500000 37.800000 0.000000 1.450000 35.700000 0.000000 

2.500000 -15.000000 0.000000 60.000000 -15.000000 0.000000 117.500000 -15.000000 0.000000 227.500000 -23.400000 0.000000 
2.500000 -10.000000 0.000000 60.000000 -10.000000 0.000000 117.500000 -10.000000 0.000000 227.500000 -18.400000 0.000000 
2.500000 -5.000000 0.000000 60.000000 -5.000000 0.000000 117.500000 -5.000000 0.000000 227.500000 -13.400000 0.000000 
1.450000 35.700000 0.000000 76.800000 37.800000 0.000000 152.150000 6.300000 0.000000 227.500000 -8.400000 0.000000 

