-260.200000 -46.400000 0.000000 -167.850000 -46.400000 0.000000 -75.500000 -46.400000 0.000000 0.450000 -46.400000 0.000000 
-260.200000 -41.400000 0.000000 -112.500000 -25.000000 0.000000 -55.000000 -25.000000 0.000000 2.500000 -25.000000 0.000000 
-260.200000 -36.400000 0.000000 -112.500000 -20.000000 0.000000 -55.000000 -20.000000 0.000000 2.500000 -20.000000 0.000000 
-260.200000 -31.400000 0.000000 -112.500000 -15.000000 0.000000 -55.000000 -15.000000 0.000000 2.500000 -15.000000 0.000000 

0.450000 -46.400000 0.000000 92.800000 -46.400000 0.000000 185.150000 -46.400000 0.000000 277.500000 -46.400000 0.000000 
2.500000 -25.000000 0.000000 60.000000 -25.000000 0.000000 117.500000 -25.000000 0.000000 277.500000 -41.400000 0.000000 
2.500000 -20.000000 0.000000 60.000000 -20.000000 0.000000 117.500000 -20.000000 0.000000 277.500000 -36.400000 0.000000 
2.500000 -15.000000 0.000000 60.000000 -15.000000 0.000000 117.500000 -15.000000 0.000000 277.500000 -31.400000 0.000000 

-260.200000 -31.400000 0.000000 -112.500000 -15.000000 0.000000 -55.000000 -15.000000 0.000000 2.500000 -15.000000 0.000000 
-260.200000 -26.400000 0.000000 -112.500000 -10.000000 0.000000 -55.000000 -10.000000 0.000000 2.500000 -10.000000 0.000000 
-260.200000 -21.400000 0.000000 -112.500000 -5.000000 0.000000 -55.000000 -5.000000 0.000000 2.500000 -5.000000 0.000000 
-260.200000 -16.400000 0.000000 -167.850000 12.300000 0.000000 -75.500000 73.800000 0.000000 0.450000 69.700000 0.000000 

2.500000 -15.000000 0.000000 60.000000 -15.000000 0.000000 117.500000 -15.000000 0.000000 277.500000 -31.400000 0.000000 
2.500000 -10.000000 0.000000 60.000000 -10.000000 0.000000 117.500000 -10.000000 0.000000 277.500000 -26.400000 0.000000 
2.500000 -5.000000 0.000000 60.000000 -5.000000 0.000000 117.500000 -5.000000 0.000000 277.500000 -21.400000 0.000000 
0.450000 69.700000 0.000000 92.800000 73.800000 0.000000 185.150000 12.300000 0.000000 277.500000 -16.400000 0.000000 

