-179.900000 -31.800000 0.000000 -118.575000 -31.800000 0.000000 -57.250000 -31.800000 0.000000 2.275000 -31.800000 0.000000 
-179.900000 -26.800000 0.000000 -112.500000 -25.000000 0.000000 -55.000000 -25.000000 0.000000 2.500000 -25.000000 0.000000 
-179.900000 -21.800000 0.000000 -112.500000 -20.000000 0.000000 -55.000000 -20.000000 0.000000 2.500000 -20.000000 0.000000 
-179.900000 -16.800000 0.000000 -112.500000 -15.000000 0.000000 -55.000000 -15.000000 0.000000 2.500000 -15.000000 0.000000 

2.275000 -31.800000 0.000000 63.600000 -31.800000 0.000000 124.925000 -31.800000 0.000000 186.250000 -31.800000 0.000000 
2.500000 -25.000000 0.000000 60.000000 -25.000000 0.000000 117.500000 -25.000000 0.000000 186.250000 -26.800000 0.000000 
2.500000 -20.000000 0.000000 60.000000 -20.000000 0.000000 117.500000 -20.000000 0.000000 186.250000 -21.800000 0.000000 
2.500000 -15.000000 0.000000 60.000000 -15.000000 0.000000 117.500000 -15.000000 0.000000 186.250000 -16.800000 0.000000 

-179.900000 -16.800000 0.000000 -112.500000 -15.000000 0.000000 -55.000000 -15.000000 0.000000 2.500000 -15.000000 0.000000 
-179.900000 -11.800000 0.000000 -112.500000 -10.000000 0.000000 -55.000000 -10.000000 0.000000 2.500000 -10.000000 0.000000 
-179.900000 -6.800000 0.000000 -112.500000 -5.000000 0.000000 -55.000000 -5.000000 0.000000 2.500000 -5.000000 0.000000 
-179.900000 -1.800000 0.000000 -118.575000 1.350000 0.000000 -57.250000 8.100000 0.000000 2.275000 7.650000 0.000000 

2.500000 -15.000000 0.000000 60.000000 -15.000000 0.000000 117.500000 -15.000000 0.000000 186.250000 -16.800000 0.000000 
2.500000 -10.000000 0.000000 60.000000 -10.000000 0.000000 117.500000 -10.000000 0.000000 186.250000 -11.800000 0.000000 
2.500000 -5.000000 0.000000 60.000000 -5.000000 0.000000 117.500000 -5.000000 0.000000 186.250000 -6.800000 0.000000 
2.275000 7.650000 0.000000 63.600000 8.100000 0.000000 124.925000 1.350000 0.000000 186.250000 -1.800000 0.000000 

