-207.400000 -36.800000 0.000000 -135.450000 -36.800000 0.000000 -63.500000 -36.800000 0.000000 1.650000 -36.800000 0.000000 
-207.400000 -31.800000 0.000000 -112.500000 -25.000000 0.000000 -55.000000 -25.000000 0.000000 2.500000 -25.000000 0.000000 
-207.400000 -26.800000 0.000000 -112.500000 -20.000000 0.000000 -55.000000 -20.000000 0.000000 2.500000 -20.000000 0.000000 
-207.400000 -21.800000 0.000000 -112.500000 -15.000000 0.000000 -55.000000 -15.000000 0.000000 2.500000 -15.000000 0.000000 

1.650000 -36.800000 0.000000 73.600000 -36.800000 0.000000 145.550000 -36.800000 0.000000 217.500000 -36.800000 0.000000 
2.500000 -25.000000 0.000000 60.000000 -25.000000 0.000000 117.500000 -25.000000 0.000000 217.500000 -31.800000 0.000000 
2.500000 -20.000000 0.000000 60.000000 -20.000000 0.000000 117.500000 -20.000000 0.000000 217.500000 -26.800000 0.000000 
2.500000 -15.000000 0.000000 60.000000 -15.000000 0.000000 117.500000 -15.000000 0.000000 217.500000 -21.800000 0.000000 

-207.400000 -21.800000 0.000000 -112.500000 -15.000000 0.000000 -55.000000 -15.000000 0.000000 2.500000 -15.000000 0.000000 
-207.400000 -16.800000 0.000000 -112.500000 -10.000000 0.000000 -55.000000 -10.000000 0.000000 2.500000 -10.000000 0.000000 
-207.400000 -11.800000 0.000000 -112.500000 -5.000000 0.000000 -55.000000 -5.000000 0.000000 2.500000 -5.000000 0.000000 
-207.400000 -6.800000 0.000000 -135.450000 5.100000 0.000000 -63.500000 30.600000 0.000000 1.650000 28.900000 0.000000 

2.500000 -15.000000 0.000000 60.000000 -15.000000 0.000000 117.500000 -15.000000 0.000000 217.500000 -21.800000 0.000000 
2.500000 -10.000000 0.000000 60.000000 -10.000000 0.000000 117.500000 -10.000000 0.000000 217.500000 -16.800000 0.000000 
2.500000 -5.000000 0.000000 60.000000 -5.000000 0.000000 117.500000 -5.000000 0.000000 217.500000 -11.800000 0.000000 
1.650000 28.900000 0.000000 73.600000 30.600000 0.000000 145.550000 5.100000 0.000000 217.500000 -6.800000 0.000000 

