-230.500000 -41.000000 0.000000 -149.625000 -41.000000 0.000000 -68.750000 -41.000000 0.000000 1.125000 -41.000000 0.000000 
-230.500000 -36.000000 0.000000 -112.500000 -25.000000 0.000000 -55.000000 -25.000000 0.000000 2.500000 -25.000000 0.000000 
-230.500000 -31.000000 0.000000 -112.500000 -20.000000 0.000000 -55.000000 -20.000000 0.000000 2.500000 -20.000000 0.000000 
-230.500000 -26.000000 0.000000 -112.500000 -15.000000 0.000000 -55.000000 -15.000000 0.000000 2.500000 -15.000000 0.000000 

1.125000 -41.000000 0.000000 82.000000 -41.000000 0.000000 162.875000 -41.000000 0.000000 243.750000 -41.000000 0.000000 
2.500000 -25.000000 0.000000 60.000000 -25.000000 0.000000 117.500000 -25.000000 0.000000 243.750000 -36.000000 0.000000 
2.500000 -20.000000 0.000000 60.000000 -20.000000 0.000000 117.500000 -20.000000 0.000000 243.750000 -31.000000 0.000000 
2.500000 -15.000000 0.000000 60.000000 -15.000000 0.000000 117.500000 -15.000000 0.000000 243.750000 -26.000000 0.000000 

-230.500000 -26.000000 0.000000 -112.500000 -15.000000 0.000000 -55.000000 -15.000000 0.000000 2.500000 -15.000000 0.000000 
-230.500000 -21.000000 0.000000 -112.500000 -10.000000 0.000000 -55.000000 -10.000000 0.000000 2.500000 -10.000000 0.000000 
-230.500000 -16.000000 0.000000 -112.500000 -5.000000 0.000000 -55.000000 -5.000000 0.000000 2.500000 -5.000000 0.000000 
-230.500000 -11.000000 0.000000 -149.625000 8.250000 0.000000 -68.750000 49.500000 0.000000 1.125000 46.750000 0.000000 

2.500000 -15.000000 0.000000 60.000000 -15.000000 0.000000 117.500000 -15.000000 0.000000 243.750000 -26.000000 0.000000 
2.500000 -10.000000 0.000000 60.000000 -10.000000 0.000000 117.500000 -10.000000 0.000000 243.750000 -21.000000 0.000000 
2.500000 -5.000000 0.000000 60.000000 -5.000000 0.000000 117.500000 -5.000000 0.000000 243.750000 -16.000000 0.000000 
1.125000 46.750000 0.000000 82.000000 49.500000 0.000000 162.875000 8.250000 0.000000 243.750000 -11.000000 0.000000 

