-236.000000 -42.000000 0.000000 -153.000000 -42.000000 0.000000 -70.000000 -42.000000 0.000000 1.000000 -42.000000 0.000000 
-236.000000 -37.000000 0.000000 -112.500000 -25.000000 0.000000 -55.000000 -25.000000 0.000000 2.500000 -25.000000 0.000000 
-236.000000 -32.000000 0.000000 -112.500000 -20.000000 0.000000 -55.000000 -20.000000 0.000000 2.500000 -20.000000 0.000000 
-236.000000 -27.000000 0.000000 -112.500000 -15.000000 0.000000 -55.000000 -15.000000 0.000000 2.500000 -15.000000 0.000000 

1.000000 -42.000000 0.000000 84.000000 -42.000000 0.000000 167.000000 -42.000000 0.000000 250.000000 -42.000000 0.000000 
2.500000 -25.000000 0.000000 60.000000 -25.000000 0.000000 117.500000 -25.000000 0.000000 250.000000 -37.000000 0.000000 
2.500000 -20.000000 0.000000 60.000000 -20.000000 0.000000 117.500000 -20.000000 0.000000 250.000000 -32.000000 0.000000 
2.500000 -15.000000 0.000000 60.000000 -15.000000 0.000000 117.500000 -15.000000 0.000000 250.000000 -27.000000 0.000000 

-236.000000 -27.000000 0.000000 -112.500000 -15.000000 0.000000 -55.000000 -15.000000 0.000000 2.500000 -15.000000 0.000000 
-236.000000 -22.000000 0.000000 -112.500000 -10.000000 0.000000 -55.000000 -10.000000 0.000000 2.500000 -10.000000 0.000000 
-236.000000 -17.000000 0.000000 -112.500000 -5.000000 0.000000 -55.000000 -5.000000 0.000000 2.500000 -5.000000 0.000000 
-236.000000 -12.000000 0.000000 -153.000000 9.000000 0.000000 -70.000000 54.000000 0.000000 1.000000 51.000000 0.000000 

2.500000 -15.000000 0.000000 60.000000 -15.000000 0.000000 117.500000 -15.000000 0.000000 250.000000 -27.000000 0.000000 
2.500000 -10.000000 0.000000 60.000000 -10.000000 0.000000 117.500000 -10.000000 0.000000 250.000000 -22.000000 0.000000 
2.500000 -5.000000 0.000000 60.000000 -5.000000 0.000000 117.500000 -5.000000 0.000000 250.000000 -17.000000 0.000000 
1.000000 51.000000 0.000000 84.000000 54.000000 0.000000 167.000000 9.000000 0.000000 250.000000 -12.000000 0.000000 

