-197.500000 -35.000000 0.000000 -129.375000 -35.000000 0.000000 -61.250000 -35.000000 0.000000 1.875000 -35.000000 0.000000 
-197.500000 -30.000000 0.000000 -112.500000 -25.000000 0.000000 -55.000000 -25.000000 0.000000 2.500000 -25.000000 0.000000 
-197.500000 -25.000000 0.000000 -112.500000 -20.000000 0.000000 -55.000000 -20.000000 0.000000 2.500000 -20.000000 0.000000 
-197.500000 -20.000000 0.000000 -112.500000 -15.000000 0.000000 -55.000000 -15.000000 0.000000 2.500000 -15.000000 0.000000 

1.875000 -35.000000 0.000000 70.000000 -35.000000 0.000000 138.125000 -35.000000 0.000000 206.250000 -35.000000 0.000000 
2.500000 -25.000000 0.000000 60.000000 -25.000000 0.000000 117.500000 -25.000000 0.000000 206.250000 -30.000000 0.000000 
2.500000 -20.000000 0.000000 60.000000 -20.000000 0.000000 117.500000 -20.000000 0.000000 206.250000 -25.000000 0.000000 
2.500000 -15.000000 0.000000 60.000000 -15.000000 0.000000 117.500000 -15.000000 0.000000 206.250000 -20.000000 0.000000 

-197.500000 -20.000000 0.000000 -112.500000 -15.000000 0.000000 -55.000000 -15.000000 0.000000 2.500000 -15.000000 0.000000 
-197.500000 -15.000000 0.000000 -112.500000 -10.000000 0.000000 -55.000000 -10.000000 0.000000 2.500000 -10.000000 0.000000 
-197.500000 -10.000000 0.000000 -112.500000 -5.000000 0.000000 -55.000000 -5.000000 0.000000 2.500000 -5.000000 0.000000 
-197.500000 -5.000000 0.000000 -129.375000 3.750000 0.000000 -61.250000 22.500000 0.000000 1.875000 21.250000 0.000000 

2.500000 -15.000000 0.000000 60.000000 -15.000000 0.000000 117.500000 -15.000000 0.000000 206.250000 -20.000000 0.000000 
2.500000 -10.000000 0.000000 60.000000 -10.000000 0.000000 117.500000 -10.000000 0.000000 206.250000 -15.000000 0.000000 
2.500000 -5.000000 0.000000 60.000000 -5.000000 0.000000 117.500000 -5.000000 0.000000 206.250000 -10.000000 0.000000 
1.875000 21.250000 0.000000 70.000000 22.500000 0.000000 138.125000 3.750000 0.000000 206.250000 -5.000000 0.000000 

