-206.300000 -36.600000 0.000000 -134.775000 -36.600000 0.000000 -63.250000 -36.600000 0.000000 1.675000 -36.600000 0.000000 
-206.300000 -31.600000 0.000000 -112.500000 -25.000000 0.000000 -55.000000 -25.000000 0.000000 2.500000 -25.000000 0.000000 
-206.300000 -26.600000 0.000000 -112.500000 -20.000000 0.000000 -55.000000 -20.000000 0.000000 2.500000 -20.000000 0.000000 
-206.300000 -21.600000 0.000000 -112.500000 -15.000000 0.000000 -55.000000 -15.000000 0.000000 2.500000 -15.000000 0.000000 

1.675000 -36.600000 0.000000 73.200000 -36.600000 0.000000 144.725000 -36.600000 0.000000 216.250000 -36.600000 0.000000 
2.500000 -25.000000 0.000000 60.000000 -25.000000 0.000000 117.500000 -25.000000 0.000000 216.250000 -31.600000 0.000000 
2.500000 -20.000000 0.000000 60.000000 -20.000000 0.000000 117.500000 -20.000000 0.000000 216.250000 -26.600000 0.000000 
2.500000 -15.000000 0.000000 60.000000 -15.000000 0.000000 117.500000 -15.000000 0.000000 216.250000 -21.600000 0.000000 

-206.300000 -21.600000 0.000000 -112.500000 -15.000000 0.000000 -55.000000 -15.000000 0.000000 2.500000 -15.000000 0.000000 
-206.300000 -16.600000 0.000000 -112.500000 -10.000000 0.000000 -55.000000 -10.000000 0.000000 2.500000 -10.000000 0.000000 
-206.300000 -11.600000 0.000000 -112.500000 -5.000000 0.000000 -55.000000 -5.000000 0.000000 2.500000 -5.000000 0.000000 
-206.300000 -6.600000 0.000000 -134.775000 4.950000 0.000000 -63.250000 29.700000 0.000000 1.675000 28.050000 0.000000 

2.500000 -15.000000 0.000000 60.000000 -15.000000 0.000000 117.500000 -15.000000 0.000000 216.250000 -21.600000 0.000000 
2.500000 -10.000000 0.000000 60.000000 -10.000000 0.000000 117.500000 -10.000000 0.000000 216.250000 -16.600000 0.000000 
2.500000 -5.000000 0.000000 60.000000 -5.000000 0.000000 117.500000 -5.000000 0.000000 216.250000 -11.600000 0.000000 
1.675000 28.050000 0.000000 73.200000 29.700000 0.000000 144.725000 4.950000 0.000000 216.250000 -6.600000 0.000000 

