-243.700000 -43.400000 0.000000 -157.725000 -43.400000 0.000000 -71.750000 -43.400000 0.000000 0.825000 -43.400000 0.000000 
-243.700000 -38.400000 0.000000 -112.500000 -25.000000 0.000000 -55.000000 -25.000000 0.000000 2.500000 -25.000000 0.000000 
-243.700000 -33.400000 0.000000 -112.500000 -20.000000 0.000000 -55.000000 -20.000000 0.000000 2.500000 -20.000000 0.000000 
-243.700000 -28.400000 0.000000 -112.500000 -15.000000 0.000000 -55.000000 -15.000000 0.000000 2.500000 -15.000000 0.000000 

0.825000 -43.400000 0.000000 86.800000 -43.400000 0.000000 172.775000 -43.400000 0.000000 258.750000 -43.400000 0.000000 
2.500000 -25.000000 0.000000 60.000000 -25.000000 0.000000 117.500000 -25.000000 0.000000 258.750000 -38.400000 0.000000 
2.500000 -20.000000 0.000000 60.000000 -20.000000 0.000000 117.500000 -20.000000 0.000000 258.750000 -33.400000 0.000000 
2.500000 -15.000000 0.000000 60.000000 -15.000000 0.000000 117.500000 -15.000000 0.000000 258.750000 -28.400000 0.000000 

-243.700000 -28.400000 0.000000 -112.500000 -15.000000 0.000000 -55.000000 -15.000000 0.000000 2.500000 -15.000000 0.000000 
-243.700000 -23.400000 0.000000 -112.500000 -10.000000 0.000000 -55.000000 -10.000000 0.000000 2.500000 -10.000000 0.000000 
-243.700000 -18.400000 0.000000 -112.500000 -5.000000 0.000000 -55.000000 -5.000000 0.000000 2.500000 -5.000000 0.000000 
-243.700000 -13.400000 0.000000 -157.725000 10.050000 0.000000 -71.750000 60.300000 0.000000 0.825000 56.950000 0.000000 

2.500000 -15.000000 0.000000 60.000000 -15.000000 0.000000 117.500000 -15.000000 0.000000 258.750000 -28.400000 0.000000 
2.500000 -10.000000 0.000000 60.000000 -10.000000 0.000000 117.500000 -10.000000 0.000000 258.750000 -23.400000 0.000000 
2.500000 -5.000000 0.000000 60.000000 -5.000000 0.000000 117.500000 -5.000000 0.000000 258.750000 -18.400000 0.000000 
0.825000 56.950000 0.000000 86.800000 60.300000 0.000000 172.775000 10.050000 0.000000 258.750000 -13.400000 0.000000 

