-225.000000 -40.000000 0.000000 -146.250000 -40.000000 0.000000 -67.500000 -40.000000 0.000000 1.250000 -40.000000 0.000000 
-225.000000 -35.000000 0.000000 -112.500000 -25.000000 0.000000 -55.000000 -25.000000 0.000000 2.500000 -25.000000 0.000000 
-225.000000 -30.000000 0.000000 -112.500000 -20.000000 0.000000 -55.000000 -20.000000 0.000000 2.500000 -20.000000 0.000000 
-225.000000 -25.000000 0.000000 -112.500000 -15.000000 0.000000 -55.000000 -15.000000 0.000000 2.500000 -15.000000 0.000000 

1.250000 -40.000000 0.000000 80.000000 -40.000000 0.000000 158.750000 -40.000000 0.000000 237.500000 -40.000000 0.000000 
2.500000 -25.000000 0.000000 60.000000 -25.000000 0.000000 117.500000 -25.000000 0.000000 237.500000 -35.000000 0.000000 
2.500000 -20.000000 0.000000 60.000000 -20.000000 0.000000 117.500000 -20.000000 0.000000 237.500000 -30.000000 0.000000 
2.500000 -15.000000 0.000000 60.000000 -15.000000 0.000000 117.500000 -15.000000 0.000000 237.500000 -25.000000 0.000000 

-225.000000 -25.000000 0.000000 -112.500000 -15.000000 0.000000 -55.000000 -15.000000 0.000000 2.500000 -15.000000 0.000000 
-225.000000 -20.000000 0.000000 -112.500000 -10.000000 0.000000 -55.000000 -10.000000 0.000000 2.500000 -10.000000 0.000000 
-225.000000 -15.000000 0.000000 -112.500000 -5.000000 0.000000 -55.000000 -5.000000 0.000000 2.500000 -5.000000 0.000000 
-225.000000 -10.000000 0.000000 -146.250000 7.500000 0.000000 -67.500000 45.000000 0.000000 1.250000 42.500000 0.000000 

2.500000 -15.000000 0.000000 60.000000 -15.000000 0.000000 117.500000 -15.000000 0.000000 237.500000 -25.000000 0.000000 
2.500000 -10.000000 0.000000 60.000000 -10.000000 0.000000 117.500000 -10.000000 0.000000 237.500000 -20.000000 0.000000 
2.500000 -5.000000 0.000000 60.000000 -5.000000 0.000000 117.500000 -5.000000 0.000000 237.500000 -15.000000 0.000000 
1.250000 42.500000 0.000000 80.000000 45.000000 0.000000 158.750000 7.500000 0.000000 237.500000 -10.000000 0.000000 

