-278.900000 -49.800000 0.000000 -179.325000 -49.800000 0.000000 -79.750000 -49.800000 0.000000 0.025000 -49.800000 0.000000 
-278.900000 -44.800000 0.000000 -112.500000 -25.000000 0.000000 -55.000000 -25.000000 0.000000 2.500000 -25.000000 0.000000 
-278.900000 -39.800000 0.000000 -112.500000 -20.000000 0.000000 -55.000000 -20.000000 0.000000 2.500000 -20.000000 0.000000 
-278.900000 -34.800000 0.000000 -112.500000 -15.000000 0.000000 -55.000000 -15.000000 0.000000 2.500000 -15.000000 0.000000 

0.025000 -49.800000 0.000000 99.600000 -49.800000 0.000000 199.175000 -49.800000 0.000000 298.750000 -49.800000 0.000000 
2.500000 -25.000000 0.000000 60.000000 -25.000000 0.000000 117.500000 -25.000000 0.000000 298.750000 -44.800000 0.000000 
2.500000 -20.000000 0.000000 60.000000 -20.000000 0.000000 117.500000 -20.000000 0.000000 298.750000 -39.800000 0.000000 
2.500000 -15.000000 0.000000 60.000000 -15.000000 0.000000 117.500000 -15.000000 0.000000 298.750000 -34.800000 0.000000 

-278.900000 -34.800000 0.000000 -112.500000 -15.000000 0.000000 -55.000000 -15.000000 0.000000 2.500000 -15.000000 0.000000 
-278.900000 -29.800000 0.000000 -112.500000 -10.000000 0.000000 -55.000000 -10.000000 0.000000 2.500000 -10.000000 0.000000 
-278.900000 -24.800000 0.000000 -112.500000 -5.000000 0.000000 -55.000000 -5.000000 0.000000 2.500000 -5.000000 0.000000 
-278.900000 -19.800000 0.000000 -179.325000 14.850000 0.000000 -79.750000 89.100000 0.000000 0.025000 84.150000 0.000000 

2.500000 -15.000000 0.000000 60.000000 -15.000000 0.000000 117.500000 -15.000000 0.000000 298.750000 -34.800000 0.000000 
2.500000 -10.000000 0.000000 60.000000 -10.000000 0.000000 117.500000 -10.000000 0.000000 298.750000 -29.800000 0.000000 
2.500000 -5.000000 0.000000 60.000000 -5.000000 0.000000 117.500000 -5.000000 0.000000 298.750000 -24.800000 0.000000 
0.025000 84.150000 0.000000 99.600000 89.100000 0.000000 199.175000 14.850000 0.000000 298.750000 -19.800000 0.000000 

