-248.100000 -44.200000 0.000000 -160.425000 -44.200000 0.000000 -72.750000 -44.200000 0.000000 0.725000 -44.200000 0.000000 
-248.100000 -39.200000 0.000000 -112.500000 -25.000000 0.000000 -55.000000 -25.000000 0.000000 2.500000 -25.000000 0.000000 
-248.100000 -34.200000 0.000000 -112.500000 -20.000000 0.000000 -55.000000 -20.000000 0.000000 2.500000 -20.000000 0.000000 
-248.100000 -29.200000 0.000000 -112.500000 -15.000000 0.000000 -55.000000 -15.000000 0.000000 2.500000 -15.000000 0.000000 

0.725000 -44.200000 0.000000 88.400000 -44.200000 0.000000 176.075000 -44.200000 0.000000 263.750000 -44.200000 0.000000 
2.500000 -25.000000 0.000000 60.000000 -25.000000 0.000000 117.500000 -25.000000 0.000000 263.750000 -39.200000 0.000000 
2.500000 -20.000000 0.000000 60.000000 -20.000000 0.000000 117.500000 -20.000000 0.000000 263.750000 -34.200000 0.000000 
2.500000 -15.000000 0.000000 60.000000 -15.000000 0.000000 117.500000 -15.000000 0.000000 263.750000 -29.200000 0.000000 

-248.100000 -29.200000 0.000000 -112.500000 -15.000000 0.000000 -55.000000 -15.000000 0.000000 2.500000 -15.000000 0.000000 
-248.100000 -24.200000 0.000000 -112.500000 -10.000000 0.000000 -55.000000 -10.000000 0.000000 2.500000 -10.000000 0.000000 
-248.100000 -19.200000 0.000000 -112.500000 -5.000000 0.000000 -55.000000 -5.000000 0.000000 2.500000 -5.000000 0.000000 
-248.100000 -14.200000 0.000000 -160.425000 10.650000 0.000000 -72.750000 63.900000 0.000000 0.725000 60.350000 0.000000 

2.500000 -15.000000 0.000000 60.000000 -15.000000 0.000000 117.500000 -15.000000 0.000000 263.750000 -29.200000 0.000000 
2.500000 -10.000000 0.000000 60.000000 -10.000000 0.000000 117.500000 -10.000000 0.000000 263.750000 -24.200000 0.000000 
2.500000 -5.000000 0.000000 60.000000 -5.000000 0.000000 117.500000 -5.000000 0.000000 263.750000 -19.200000 0.000000 
0.725000 60.350000 0.000000 88.400000 63.900000 0.000000 176.075000 10.650000 0.000000 263.750000 -14.200000 0.000000 

