-193.100000 -34.200000 0.000000 -126.675000 -34.200000 0.000000 -60.250000 -34.200000 0.000000 1.975000 -34.200000 0.000000 
-193.100000 -29.200000 0.000000 -112.500000 -25.000000 0.000000 -55.000000 -25.000000 0.000000 2.500000 -25.000000 0.000000 
-193.100000 -24.200000 0.000000 -112.500000 -20.000000 0.000000 -55.000000 -20.000000 0.000000 2.500000 -20.000000 0.000000 
-193.100000 -19.200000 0.000000 -112.500000 -15.000000 0.000000 -55.000000 -15.000000 0.000000 2.500000 -15.000000 0.000000 

1.975000 -34.200000 0.000000 68.400000 -34.200000 0.000000 134.825000 -34.200000 0.000000 201.250000 -34.200000 0.000000 
2.500000 -25.000000 0.000000 60.000000 -25.000000 0.000000 117.500000 -25.000000 0.000000 201.250000 -29.200000 0.000000 
2.500000 -20.000000 0.000000 60.000000 -20.000000 0.000000 117.500000 -20.000000 0.000000 201.250000 -24.200000 0.000000 
2.500000 -15.000000 0.000000 60.000000 -15.000000 0.000000 117.500000 -15.000000 0.000000 201.250000 -19.200000 0.000000 

-193.100000 -19.200000 0.000000 -112.500000 -15.000000 0.000000 -55.000000 -15.000000 0.000000 2.500000 -15.000000 0.000000 
-193.100000 -14.200000 0.000000 -112.500000 -10.000000 0.000000 -55.000000 -10.000000 0.000000 2.500000 -10.000000 0.000000 
-193.100000 -9.200000 0.000000 -112.500000 -5.000000 0.000000 -55.000000 -5.000000 0.000000 2.500000 -5.000000 0.000000 
-193.100000 -4.200000 0.000000 -126.675000 3.150000 0.000000 -60.250000 18.900000 0.000000 1.975000 17.850000 0.000000 

2.500000 -15.000000 0.000000 60.000000 -15.000000 0.000000 117.500000 -15.000000 0.000000 201.250000 -19.200000 0.000000 
2.500000 -10.000000 0.000000 60.000000 -10.000000 0.000000 117.500000 -10.000000 0.000000 201.250000 -14.200000 0.000000 
2.500000 -5.000000 0.000000 60.000000 -5.000000 0.000000 117.500000 -5.000000 0.000000 201.250000 -9.200000 0.000000 
1.975000 17.850000 0.000000 68.400000 18.900000 0.000000 134.825000 3.150000 0.000000 201.250000 -4.200000 0.000000 

