-184.300000 -32.600000 0.000000 -121.275000 -32.600000 0.000000 -58.250000 -32.600000 0.000000 2.175000 -32.600000 0.000000 
-184.300000 -27.600000 0.000000 -112.500000 -25.000000 0.000000 -55.000000 -25.000000 0.000000 2.500000 -25.000000 0.000000 
-184.300000 -22.600000 0.000000 -112.500000 -20.000000 0.000000 -55.000000 -20.000000 0.000000 2.500000 -20.000000 0.000000 
-184.300000 -17.600000 0.000000 -112.500000 -15.000000 0.000000 -55.000000 -15.000000 0.000000 2.500000 -15.000000 0.000000 

2.175000 -32.600000 0.000000 65.200000 -32.600000 0.000000 128.225000 -32.600000 0.000000 191.250000 -32.600000 0.000000 
2.500000 -25.000000 0.000000 60.000000 -25.000000 0.000000 117.500000 -25.000000 0.000000 191.250000 -27.600000 0.000000 
2.500000 -20.000000 0.000000 60.000000 -20.000000 0.000000 117.500000 -20.000000 0.000000 191.250000 -22.600000 0.000000 
2.500000 -15.000000 0.000000 60.000000 -15.000000 0.000000 117.500000 -15.000000 0.000000 191.250000 -17.600000 0.000000 

-184.300000 -17.600000 0.000000 -112.500000 -15.000000 0.000000 -55.000000 -15.000000 0.000000 2.500000 -15.000000 0.000000 
-184.300000 -12.600000 0.000000 -112.500000 -10.000000 0.000000 -55.000000 -10.000000 0.000000 2.500000 -10.000000 0.000000 
-184.300000 -7.600000 0.000000 -112.500000 -5.000000 0.000000 -55.000000 -5.000000 0.000000 2.500000 -5.000000 0.000000 
-184.300000 -2.600000 0.000000 -121.275000 1.950000 0.000000 -58.250000 11.700000 0.000000 2.175000 11.050000 0.000000 

2.500000 -15.000000 0.000000 60.000000 -15.000000 0.000000 117.500000 -15.000000 0.000000 191.250000 -17.600000 0.000000 
2.500000 -10.000000 0.000000 60.000000 -10.000000 0.000000 117.500000 -10.000000 0.000000 191.250000 -12.600000 0.000000 
2.500000 -5.000000 0.000000 60.000000 -5.000000 0.000000 117.500000 -5.000000 0.000000 191.250000 -7.600000 0.000000 
2.175000 11.050000 0.000000 65.200000 11.700000 0.000000 128.225000 1.950000 0.000000 191.250000 -2.600000 0.000000 

