-242.600000 -43.200000 0.000000 -157.050000 -43.200000 0.000000 -71.500000 -43.200000 0.000000 0.850000 -43.200000 0.000000 
-242.600000 -38.200000 0.000000 -112.500000 -25.000000 0.000000 -55.000000 -25.000000 0.000000 2.500000 -25.000000 0.000000 
-242.600000 -33.200000 0.000000 -112.500000 -20.000000 0.000000 -55.000000 -20.000000 0.000000 2.500000 -20.000000 0.000000 
-242.600000 -28.200000 0.000000 -112.500000 -15.000000 0.000000 -55.000000 -15.000000 0.000000 2.500000 -15.000000 0.000000 

0.850000 -43.200000 0.000000 86.400000 -43.200000 0.000000 171.950000 -43.200000 0.000000 257.500000 -43.200000 0.000000 
2.500000 -25.000000 0.000000 60.000000 -25.000000 0.000000 117.500000 -25.000000 0.000000 257.500000 -38.200000 0.000000 
2.500000 -20.000000 0.000000 60.000000 -20.000000 0.000000 117.500000 -20.000000 0.000000 257.500000 -33.200000 0.000000 
2.500000 -15.000000 0.000000 60.000000 -15.000000 0.000000 117.500000 -15.000000 0.000000 257.500000 -28.200000 0.000000 

-242.600000 -28.200000 0.000000 -112.500000 -15.000000 0.000000 -55.000000 -15.000000 0.000000 2.500000 -15.000000 0.000000 
-242.600000 -23.200000 0.000000 -112.500000 -10.000000 0.000000 -55.000000 -10.000000 0.000000 2.500000 -10.000000 0.000000 
-242.600000 -18.200000 0.000000 -112.500000 -5.000000 0.000000 -55.000000 -5.000000 0.000000 2.500000 -5.000000 0.000000 
-242.600000 -13.200000 0.000000 -157.050000 9.900000 0.000000 -71.500000 59.400000 0.000000 0.850000 56.100000 0.000000 

2.500000 -15.000000 0.000000 60.000000 -15.000000 0.000000 117.500000 -15.000000 0.000000 257.500000 -28.200000 0.000000 
2.500000 -10.000000 0.000000 60.000000 -10.000000 0.000000 117.500000 -10.000000 0.000000 257.500000 -23.200000 0.000000 
2.500000 -5.000000 0.000000 60.000000 -5.000000 0.000000 117.500000 -5.000000 0.000000 257.500000 -18.200000 0.000000 
0.850000 56.100000 0.000000 86.400000 59.400000 0.000000 171.950000 9.900000 0.000000 257.500000 -13.200000 0.000000 

