-214.000000 -38.000000 0.000000 -139.500000 -38.000000 0.000000 -65.000000 -38.000000 0.000000 1.500000 -38.000000 0.000000 
-214.000000 -33.000000 0.000000 -112.500000 -25.000000 0.000000 -55.000000 -25.000000 0.000000 2.500000 -25.000000 0.000000 
-214.000000 -28.000000 0.000000 -112.500000 -20.000000 0.000000 -55.000000 -20.000000 0.000000 2.500000 -20.000000 0.000000 
-214.000000 -23.000000 0.000000 -112.500000 -15.000000 0.000000 -55.000000 -15.000000 0.000000 2.500000 -15.000000 0.000000 

1.500000 -38.000000 0.000000 76.000000 -38.000000 0.000000 150.500000 -38.000000 0.000000 225.000000 -38.000000 0.000000 
2.500000 -25.000000 0.000000 60.000000 -25.000000 0.000000 117.500000 -25.000000 0.000000 225.000000 -33.000000 0.000000 
2.500000 -20.000000 0.000000 60.000000 -20.000000 0.000000 117.500000 -20.000000 0.000000 225.000000 -28.000000 0.000000 
2.500000 -15.000000 0.000000 60.000000 -15.000000 0.000000 117.500000 -15.000000 0.000000 225.000000 -23.000000 0.000000 

-214.000000 -23.000000 0.000000 -112.500000 -15.000000 0.000000 -55.000000 -15.000000 0.000000 2.500000 -15.000000 0.000000 
-214.000000 -18.000000 0.000000 -112.500000 -10.000000 0.000000 -55.000000 -10.000000 0.000000 2.500000 -10.000000 0.000000 
-214.000000 -13.000000 0.000000 -112.500000 -5.000000 0.000000 -55.000000 -5.000000 0.000000 2.500000 -5.000000 0.000000 
-214.000000 -8.000000 0.000000 -139.500000 6.000000 0.000000 -65.000000 36.000000 0.000000 1.500000 34.000000 0.000000 

2.500000 -15.000000 0.000000 60.000000 -15.000000 0.000000 117.500000 -15.000000 0.000000 225.000000 -23.000000 0.000000 
2.500000 -10.000000 0.000000 60.000000 -10.000000 0.000000 117.500000 -10.000000 0.000000 225.000000 -18.000000 0.000000 
2.500000 -5.000000 0.000000 60.000000 -5.000000 0.000000 117.500000 -5.000000 0.000000 225.000000 -13.000000 0.000000 
1.500000 34.000000 0.000000 76.000000 36.000000 0.000000 150.500000 6.000000 0.000000 225.000000 -8.000000 0.000000 

