-217.300000 -38.600000 0.000000 -141.525000 -38.600000 0.000000 -65.750000 -38.600000 0.000000 1.425000 -38.600000 0.000000 
-217.300000 -33.600000 0.000000 -112.500000 -25.000000 0.000000 -55.000000 -25.000000 0.000000 2.500000 -25.000000 0.000000 
-217.300000 -28.600000 0.000000 -112.500000 -20.000000 0.000000 -55.000000 -20.000000 0.000000 2.500000 -20.000000 0.000000 
-217.300000 -23.600000 0.000000 -112.500000 -15.000000 0.000000 -55.000000 -15.000000 0.000000 2.500000 -15.000000 0.000000 

1.425000 -38.600000 0.000000 77.200000 -38.600000 0.000000 152.975000 -38.600000 0.000000 228.750000 -38.600000 0.000000 
2.500000 -25.000000 0.000000 60.000000 -25.000000 0.000000 117.500000 -25.000000 0.000000 228.750000 -33.600000 0.000000 
2.500000 -20.000000 0.000000 60.000000 -20.000000 0.000000 117.500000 -20.000000 0.000000 228.750000 -28.600000 0.000000 
2.500000 -15.000000 0.000000 60.000000 -15.000000 0.000000 117.500000 -15.000000 0.000000 228.750000 -23.600000 0.000000 

-217.300000 -23.600000 0.000000 -112.500000 -15.000000 0.000000 -55.000000 -15.000000 0.000000 2.500000 -15.000000 0.000000 
-217.300000 -18.600000 0.000000 -112.500000 -10.000000 0.000000 -55.000000 -10.000000 0.000000 2.500000 -10.000000 0.000000 
-217.300000 -13.600000 0.000000 -112.500000 -5.000000 0.000000 -55.000000 -5.000000 0.000000 2.500000 -5.000000 0.000000 
-217.300000 -8.600000 0.000000 -141.525000 6.450000 0.000000 -65.750000 38.700000 0.000000 1.425000 36.550000 0.000000 

2.500000 -15.000000 0.000000 60.000000 -15.000000 0.000000 117.500000 -15.000000 0.000000 228.750000 -23.600000 0.000000 
2.500000 -10.000000 0.000000 60.000000 -10.000000 0.000000 117.500000 -10.000000 0.000000 228.750000 -18.600000 0.000000 
2.500000 -5.000000 0.000000 60.000000 -5.000000 0.000000 117.500000 -5.000000 0.000000 228.750000 -13.600000 0.000000 
1.425000 36.550000 0.000000 77.200000 38.700000 0.000000 152.975000 6.450000 0.000000 228.750000 -8.600000 0.000000 

