-208.500000 -37.000000 0.000000 -136.125000 -37.000000 0.000000 -63.750000 -37.000000 0.000000 1.625000 -37.000000 0.000000 
-208.500000 -32.000000 0.000000 -112.500000 -29.958333 0.000000 -51.722075 -25.968723 0.000000 11.000946 -25.713216 0.000000 
-208.500000 -27.000000 0.000000 -112.500000 -22.916667 0.000000 -51.722075 -14.552056 0.000000 11.000946 -14.588216 0.000000 
-208.500000 -22.000000 0.000000 -112.500000 -15.875000 0.000000 -51.722075 -3.135389 0.000000 11.000946 -3.463216 0.000000 

1.625000 -37.000000 0.000000 74.000000 -37.000000 0.000000 146.375000 -37.000000 0.000000 218.750000 -37.000000 0.000000 
11.000946 -25.713216 0.000000 63.371247 -26.174840 0.000000 105.115276 -31.150401 0.000000 218.750000 -32.000000 0.000000 
11.000946 -14.588216 0.000000 63.371247 -14.758173 0.000000 105.115276 -24.108735 0.000000 218.750000 -27.000000 0.000000 
11.000946 -3.463216 0.000000 63.371247 -3.341506 0.000000 105.115276 -17.067068 0.000000 218.750000 -22.000000 0.000000 

-208.500000 -22.000000 0.000000 -112.500000 -15.875000 0.000000 -51.722075 -3.135389 0.000000 11.000946 -3.463216 0.000000 
-208.500000 -17.000000 0.000000 -112.500000 -8.833333 0.000000 -51.191231 8.600884 0.000000 0.092488 6.823341 0.000000 
-208.500000 -12.000000 0.000000 -78.671100 -0.108186 0.000000 -54.638441 20.017550 0.000000 -3.201273 17.948341 0.000000 
-208.500000 -7.000000 0.000000 -136.125000 5.250000 0.000000 -63.750000 31.500000 0.000000 1.625000 29.750000 0.000000 

11.000946 -3.463216 0.000000 63.371247 -3.341506 0.000000 105.115276 -17.067068 0.000000 218.750000 -22.000000 0.000000 
0.092488 6.823341 0.000000 57.634082 9.202684 0.000000 105.115276 -10.025401 0.000000 218.750000 -17.000000 0.000000 
-3.201273 17.948341 0.000000 57.021541 20.619351 0.000000 106.294907 -2.474479 0.000000 218.750000 -12.000000 0.000000 
1.625000 29.750000 0.000000 74.000000 31.500000 0.000000 146.375000 5.250000 0.000000 218.750000 -7.000000 0.000000 

