-172.200000 -30.400000 0.000000 -113.850000 -30.400000 0.000000 -55.500000 -30.400000 0.000000 2.450000 -30.400000 0.000000 
-172.200000 -25.400000 0.000000 -112.500000 -25.000000 0.000000 -55.000000 -25.000000 0.000000 2.500000 -25.000000 0.000000 
-172.200000 -20.400000 0.000000 -112.500000 -20.000000 0.000000 -55.000000 -20.000000 0.000000 2.500000 -20.000000 0.000000 
-172.200000 -15.400000 0.000000 -112.500000 -15.000000 0.000000 -55.000000 -15.000000 0.000000 2.500000 -15.000000 0.000000 

2.450000 -30.400000 0.000000 60.800000 -30.400000 0.000000 119.150000 -30.400000 0.000000 177.500000 -30.400000 0.000000 
2.500000 -25.000000 0.000000 60.000000 -25.000000 0.000000 117.500000 -25.000000 0.000000 177.500000 -25.400000 0.000000 
2.500000 -20.000000 0.000000 60.000000 -20.000000 0.000000 117.500000 -20.000000 0.000000 177.500000 -20.400000 0.000000 
2.500000 -15.000000 0.000000 60.000000 -15.000000 0.000000 117.500000 -15.000000 0.000000 177.500000 -15.400000 0.000000 

-172.200000 -15.400000 0.000000 -112.500000 -15.000000 0.000000 -55.000000 -15.000000 0.000000 2.500000 -15.000000 0.000000 
-172.200000 -10.400000 0.000000 -112.500000 -10.000000 0.000000 -55.000000 -10.000000 0.000000 2.500000 -10.000000 0.000000 
-172.200000 -5.400000 0.000000 -112.500000 -5.000000 0.000000 -55.000000 -5.000000 0.000000 2.500000 -5.000000 0.000000 
-172.200000 -0.400000 0.000000 -113.850000 0.300000 0.000000 -55.500000 1.800000 0.000000 2.450000 1.700000 0.000000 

2.500000 -15.000000 0.000000 60.000000 -15.000000 0.000000 117.500000 -15.000000 0.000000 177.500000 -15.400000 0.000000 
2.500000 -10.000000 0.000000 60.000000 -10.000000 0.000000 117.500000 -10.000000 0.000000 177.500000 -10.400000 0.000000 
2.500000 -5.000000 0.000000 60.000000 -5.000000 0.000000 117.500000 -5.000000 0.000000 177.500000 -5.400000 0.000000 
2.450000 1.700000 0.000000 60.800000 1.800000 0.000000 119.150000 0.300000 0.000000 177.500000 -0.400000 0.000000 

