-204.100000 -36.200000 0.000000 -133.425000 -36.200000 0.000000 -62.750000 -36.200000 0.000000 1.725000 -36.200000 0.000000 
-204.100000 -31.200000 0.000000 -112.500000 -25.000000 0.000000 -55.000000 -25.000000 0.000000 2.500000 -25.000000 0.000000 
-204.100000 -26.200000 0.000000 -112.500000 -20.000000 0.000000 -55.000000 -20.000000 0.000000 2.500000 -20.000000 0.000000 
-204.100000 -21.200000 0.000000 -112.500000 -15.000000 0.000000 -55.000000 -15.000000 0.000000 2.500000 -15.000000 0.000000 

1.725000 -36.200000 0.000000 72.400000 -36.200000 0.000000 143.075000 -36.200000 0.000000 213.750000 -36.200000 0.000000 
2.500000 -25.000000 0.000000 60.000000 -25.000000 0.000000 117.500000 -25.000000 0.000000 213.750000 -31.200000 0.000000 
2.500000 -20.000000 0.000000 60.000000 -20.000000 0.000000 117.500000 -20.000000 0.000000 213.750000 -26.200000 0.000000 
2.500000 -15.000000 0.000000 60.000000 -15.000000 0.000000 117.500000 -15.000000 0.000000 213.750000 -21.200000 0.000000 

-204.100000 -21.200000 0.000000 -112.500000 -15.000000 0.000000 -55.000000 -15.000000 0.000000 2.500000 -15.000000 0.000000 
-204.100000 -16.200000 0.000000 -112.500000 -10.000000 0.000000 -55.000000 -10.000000 0.000000 2.500000 -10.000000 0.000000 
-204.100000 -11.200000 0.000000 -112.500000 -5.000000 0.000000 -55.000000 -5.000000 0.000000 2.500000 -5.000000 0.000000 
-204.100000 -6.200000 0.000000 -133.425000 4.650000 0.000000 -62.750000 27.900000 0.000000 1.725000 26.350000 0.000000 

2.500000 -15.000000 0.000000 60.000000 -15.000000 0.000000 117.500000 -15.000000 0.000000 213.750000 -21.200000 0.000000 
2.500000 -10.000000 0.000000 60.000000 -10.000000 0.000000 117.500000 -10.000000 0.000000 213.750000 -16.200000 0.000000 
2.500000 -5.000000 0.000000 60.000000 -5.000000 0.000000 117.500000 -5.000000 0.000000 213.750000 -11.200000 0.000000 
1.725000 26.350000 0.000000 72.400000 27.900000 0.000000 143.075000 4.650000 0.000000 213.750000 -6.200000 0.000000 

