-214.000000 -38.000000 0.000000 -139.500000 -38.000000 0.000000 -65.000000 -38.000000 0.000000 1.500000 -38.000000 0.000000 
-214.000000 -33.000000 0.000000 -123.231865 -32.039837 0.000000 -47.647354 -27.077028 0.000000 7.793360 -26.389248 0.000000 
-214.000000 -28.000000 0.000000 -123.231865 -24.706503 0.000000 -47.647354 -14.743695 0.000000 7.793360 -14.389248 0.000000 
-214.000000 -23.000000 0.000000 -123.231865 -17.373170 0.000000 -54.744650 -1.013283 0.000000 9.159429 -0.675172 0.000000 

1.500000 -38.000000 0.000000 76.000000 -38.000000 0.000000 150.500000 -38.000000 0.000000 225.000000 -38.000000 0.000000 
7.793360 -26.389248 0.000000 61.988717 -26.751707 0.000000 107.358517 -31.321566 0.000000 225.000000 -33.000000 0.000000 
7.793360 -14.389248 0.000000 61.988717 -14.418373 0.000000 107.358517 -23.988232 0.000000 225.000000 -28.000000 0.000000 
9.159429 -0.675172 0.000000 63.655530 -1.047856 0.000000 107.358517 -16.654899 0.000000 225.000000 -23.000000 0.000000 

-214.000000 -23.000000 0.000000 -123.231865 -17.373170 0.000000 -54.744650 -1.013283 0.000000 9.159429 -0.675172 0.000000 
-214.000000 -18.000000 0.000000 -123.231865 -10.039837 0.000000 -54.213806 11.320051 0.000000 -1.749030 11.324828 0.000000 
-214.000000 -13.000000 0.000000 -78.080703 -0.277229 0.000000 -57.661015 23.653384 0.000000 -5.042791 23.324828 0.000000 
-214.000000 -8.000000 0.000000 -139.500000 6.000000 0.000000 -65.000000 36.000000 0.000000 1.500000 34.000000 0.000000 

9.159429 -0.675172 0.000000 63.655530 -1.047856 0.000000 107.358517 -16.654899 0.000000 225.000000 -23.000000 0.000000 
-1.749030 11.324828 0.000000 57.918365 11.285477 0.000000 107.358517 -9.321566 0.000000 225.000000 -18.000000 0.000000 
-5.042791 23.324828 0.000000 57.305824 23.618810 0.000000 108.198412 -1.840546 0.000000 225.000000 -13.000000 0.000000 
1.500000 34.000000 0.000000 76.000000 36.000000 0.000000 150.500000 6.000000 0.000000 225.000000 -8.000000 0.000000 

