-245.900000 -43.800000 0.000000 -159.075000 -43.800000 0.000000 -72.250000 -43.800000 0.000000 0.775000 -43.800000 0.000000 
-245.900000 -38.800000 0.000000 -112.500000 -25.000000 0.000000 -55.000000 -25.000000 0.000000 2.500000 -25.000000 0.000000 
-245.900000 -33.800000 0.000000 -112.500000 -20.000000 0.000000 -55.000000 -20.000000 0.000000 2.500000 -20.000000 0.000000 
-245.900000 -28.800000 0.000000 -112.500000 -15.000000 0.000000 -55.000000 -15.000000 0.000000 2.500000 -15.000000 0.000000 

0.775000 -43.800000 0.000000 87.600000 -43.800000 0.000000 174.425000 -43.800000 0.000000 261.250000 -43.800000 0.000000 
2.500000 -25.000000 0.000000 60.000000 -25.000000 0.000000 117.500000 -25.000000 0.000000 261.250000 -38.800000 0.000000 
2.500000 -20.000000 0.000000 60.000000 -20.000000 0.000000 117.500000 -20.000000 0.000000 261.250000 -33.800000 0.000000 
2.500000 -15.000000 0.000000 60.000000 -15.000000 0.000000 117.500000 -15.000000 0.000000 261.250000 -28.800000 0.000000 

-245.900000 -28.800000 0.000000 -112.500000 -15.000000 0.000000 -55.000000 -15.000000 0.000000 2.500000 -15.000000 0.000000 
-245.900000 -23.800000 0.000000 -112.500000 -10.000000 0.000000 -55.000000 -10.000000 0.000000 2.500000 -10.000000 0.000000 
-245.900000 -18.800000 0.000000 -112.500000 -5.000000 0.000000 -55.000000 -5.000000 0.000000 2.500000 -5.000000 0.000000 
-245.900000 -13.800000 0.000000 -159.075000 10.350000 0.000000 -72.250000 62.100000 0.000000 0.775000 58.650000 0.000000 

2.500000 -15.000000 0.000000 60.000000 -15.000000 0.000000 117.500000 -15.000000 0.000000 261.250000 -28.800000 0.000000 
2.500000 -10.000000 0.000000 60.000000 -10.000000 0.000000 117.500000 -10.000000 0.000000 261.250000 -23.800000 0.000000 
2.500000 -5.000000 0.000000 60.000000 -5.000000 0.000000 117.500000 -5.000000 0.000000 261.250000 -18.800000 0.000000 
0.775000 58.650000 0.000000 87.600000 62.100000 0.000000 174.425000 10.350000 0.000000 261.250000 -13.800000 0.000000 

