-222.800000 -39.600000 0.000000 -144.900000 -39.600000 0.000000 -67.000000 -39.600000 0.000000 1.300000 -39.600000 0.000000 
-222.800000 -34.600000 0.000000 -112.500000 -25.000000 0.000000 -55.000000 -25.000000 0.000000 2.500000 -25.000000 0.000000 
-222.800000 -29.600000 0.000000 -112.500000 -20.000000 0.000000 -55.000000 -20.000000 0.000000 2.500000 -20.000000 0.000000 
-222.800000 -24.600000 0.000000 -112.500000 -15.000000 0.000000 -55.000000 -15.000000 0.000000 2.500000 -15.000000 0.000000 

1.300000 -39.600000 0.000000 79.200000 -39.600000 0.000000 157.100000 -39.600000 0.000000 235.000000 -39.600000 0.000000 
2.500000 -25.000000 0.000000 60.000000 -25.000000 0.000000 117.500000 -25.000000 0.000000 235.000000 -34.600000 0.000000 
2.500000 -20.000000 0.000000 60.000000 -20.000000 0.000000 117.500000 -20.000000 0.000000 235.000000 -29.600000 0.000000 
2.500000 -15.000000 0.000000 60.000000 -15.000000 0.000000 117.500000 -15.000000 0.000000 235.000000 -24.600000 0.000000 

-222.800000 -24.600000 0.000000 -112.500000 -15.000000 0.000000 -55.000000 -15.000000 0.000000 2.500000 -15.000000 0.000000 
-222.800000 -19.600000 0.000000 -112.500000 -10.000000 0.000000 -55.000000 -10.000000 0.000000 2.500000 -10.000000 0.000000 
-222.800000 -14.600000 0.000000 -112.500000 -5.000000 0.000000 -55.000000 -5.000000 0.000000 2.500000 -5.000000 0.000000 
-222.800000 -9.600000 0.000000 -144.900000 7.200000 0.000000 -67.000000 43.200000 0.000000 1.300000 40.800000 0.000000 

2.500000 -15.000000 0.000000 60.000000 -15.000000 0.000000 117.500000 -15.000000 0.000000 235.000000 -24.600000 0.000000 
2.500000 -10.000000 0.000000 60.000000 -10.000000 0.000000 117.500000 -10.000000 0.000000 235.000000 -19.600000 0.000000 
2.500000 -5.000000 0.000000 60.000000 -5.000000 0.000000 117.500000 -5.000000 0.000000 235.000000 -14.600000 0.000000 
1.300000 40.800000 0.000000 79.200000 43.200000 0.000000 157.100000 7.200000 0.000000 235.000000 -9.600000 0.000000 

