-274.500000 -49.000000 0.000000 -176.625000 -49.000000 0.000000 -78.750000 -49.000000 0.000000 0.125000 -49.000000 0.000000 
-274.500000 -44.000000 0.000000 -134.522390 -38.458333 0.000000 -43.279436 -25.844165 0.000000 15.079607 -27.908172 0.000000 
-274.500000 -39.000000 0.000000 -140.190425 -28.117562 0.000000 -43.279436 -3.427498 0.000000 15.079607 -6.283172 0.000000 
-274.500000 -34.000000 0.000000 -140.190425 -17.575896 0.000000 -56.692722 18.250261 0.000000 8.437470 15.955877 0.000000 

0.125000 -49.000000 0.000000 98.000000 -49.000000 0.000000 195.875000 -49.000000 0.000000 293.750000 -49.000000 0.000000 
15.079607 -27.908172 0.000000 60.457155 -24.668420 0.000000 110.606615 -38.458333 0.000000 293.750000 -44.000000 0.000000 
15.079607 -6.283172 0.000000 60.457155 -2.251754 0.000000 101.744812 -27.021438 0.000000 293.750000 -39.000000 0.000000 
8.437470 15.955877 0.000000 68.402002 18.165861 0.000000 101.744812 -16.479772 0.000000 293.750000 -34.000000 0.000000 

-274.500000 -34.000000 0.000000 -140.190425 -17.575896 0.000000 -56.692722 18.250261 0.000000 8.437470 15.955877 0.000000 
-274.500000 -29.000000 0.000000 -137.926348 -6.948183 0.000000 -59.787406 41.924616 0.000000 -1.003991 36.848806 0.000000 
-274.500000 -24.000000 0.000000 -76.669330 5.760430 0.000000 -63.042354 63.083333 0.000000 -7.154491 55.067936 0.000000 
-274.500000 -19.000000 0.000000 -176.625000 14.250000 0.000000 -78.750000 85.500000 0.000000 0.125000 80.750000 0.000000 

8.437470 15.955877 0.000000 68.402002 18.165861 0.000000 101.744812 -16.479772 0.000000 293.750000 -34.000000 0.000000 
-1.003991 36.848806 0.000000 62.909215 40.748153 0.000000 101.744812 -5.938105 0.000000 293.750000 -29.000000 0.000000 
-7.154491 55.067936 0.000000 76.777549 60.551445 0.000000 111.221928 4.774667 0.000000 293.750000 -24.000000 0.000000 
0.125000 80.750000 0.000000 98.000000 85.500000 0.000000 195.875000 14.250000 0.000000 293.750000 -19.000000 0.000000 

