-240.400000 -42.800000 0.000000 -155.700000 -42.800000 0.000000 -71.000000 -42.800000 0.000000 0.900000 -42.800000 0.000000 
-240.400000 -37.800000 0.000000 -112.500000 -25.000000 0.000000 -55.000000 -25.000000 0.000000 2.500000 -25.000000 0.000000 
-240.400000 -32.800000 0.000000 -112.500000 -20.000000 0.000000 -55.000000 -20.000000 0.000000 2.500000 -20.000000 0.000000 
-240.400000 -27.800000 0.000000 -112.500000 -15.000000 0.000000 -55.000000 -15.000000 0.000000 2.500000 -15.000000 0.000000 

0.900000 -42.800000 0.000000 85.600000 -42.800000 0.000000 170.300000 -42.800000 0.000000 255.000000 -42.800000 0.000000 
2.500000 -25.000000 0.000000 60.000000 -25.000000 0.000000 117.500000 -25.000000 0.000000 255.000000 -37.800000 0.000000 
2.500000 -20.000000 0.000000 60.000000 -20.000000 0.000000 117.500000 -20.000000 0.000000 255.000000 -32.800000 0.000000 
2.500000 -15.000000 0.000000 60.000000 -15.000000 0.000000 117.500000 -15.000000 0.000000 255.000000 -27.800000 0.000000 

-240.400000 -27.800000 0.000000 -112.500000 -15.000000 0.000000 -55.000000 -15.000000 0.000000 2.500000 -15.000000 0.000000 
-240.400000 -22.800000 0.000000 -112.500000 -10.000000 0.000000 -55.000000 -10.000000 0.000000 2.500000 -10.000000 0.000000 
-240.400000 -17.800000 0.000000 -112.500000 -5.000000 0.000000 -55.000000 -5.000000 0.000000 2.500000 -5.000000 0.000000 
-240.400000 -12.800000 0.000000 -155.700000 9.600000 0.000000 -71.000000 57.600000 0.000000 0.900000 54.400000 0.000000 

2.500000 -15.000000 0.000000 60.000000 -15.000000 0.000000 117.500000 -15.000000 0.000000 255.000000 -27.800000 0.000000 
2.500000 -10.000000 0.000000 60.000000 -10.000000 0.000000 117.500000 -10.000000 0.000000 255.000000 -22.800000 0.000000 
2.500000 -5.000000 0.000000 60.000000 -5.000000 0.000000 117.500000 -5.000000 0.000000 255.000000 -17.800000 0.000000 
0.900000 54.400000 0.000000 85.600000 57.600000 0.000000 170.300000 9.600000 0.000000 255.000000 -12.800000 0.000000 

