-227.200000 -40.400000 0.000000 -147.600000 -40.400000 0.000000 -68.000000 -40.400000 0.000000 1.200000 -40.400000 0.000000 
-227.200000 -35.400000 0.000000 -112.500000 -25.000000 0.000000 -55.000000 -25.000000 0.000000 2.500000 -25.000000 0.000000 
-227.200000 -30.400000 0.000000 -112.500000 -20.000000 0.000000 -55.000000 -20.000000 0.000000 2.500000 -20.000000 0.000000 
-227.200000 -25.400000 0.000000 -112.500000 -15.000000 0.000000 -55.000000 -15.000000 0.000000 2.500000 -15.000000 0.000000 

1.200000 -40.400000 0.000000 80.800000 -40.400000 0.000000 160.400000 -40.400000 0.000000 240.000000 -40.400000 0.000000 
2.500000 -25.000000 0.000000 60.000000 -25.000000 0.000000 117.500000 -25.000000 0.000000 240.000000 -35.400000 0.000000 
2.500000 -20.000000 0.000000 60.000000 -20.000000 0.000000 117.500000 -20.000000 0.000000 240.000000 -30.400000 0.000000 
2.500000 -15.000000 0.000000 60.000000 -15.000000 0.000000 117.500000 -15.000000 0.000000 240.000000 -25.400000 0.000000 

-227.200000 -25.400000 0.000000 -112.500000 -15.000000 0.000000 -55.000000 -15.000000 0.000000 2.500000 -15.000000 0.000000 
-227.200000 -20.400000 0.000000 -112.500000 -10.000000 0.000000 -55.000000 -10.000000 0.000000 2.500000 -10.000000 0.000000 
-227.200000 -15.400000 0.000000 -112.500000 -5.000000 0.000000 -55.000000 -5.000000 0.000000 2.500000 -5.000000 0.000000 
-227.200000 -10.400000 0.000000 -147.600000 7.800000 0.000000 -68.000000 46.800000 0.000000 1.200000 44.200000 0.000000 

2.500000 -15.000000 0.000000 60.000000 -15.000000 0.000000 117.500000 -15.000000 0.000000 240.000000 -25.400000 0.000000 
2.500000 -10.000000 0.000000 60.000000 -10.000000 0.000000 117.500000 -10.000000 0.000000 240.000000 -20.400000 0.000000 
2.500000 -5.000000 0.000000 60.000000 -5.000000 0.000000 117.500000 -5.000000 0.000000 240.000000 -15.400000 0.000000 
1.200000 44.200000 0.000000 80.800000 46.800000 0.000000 160.400000 7.800000 0.000000 240.000000 -10.400000 0.000000 

