-275.600000 -49.200000 0.000000 -177.300000 -49.200000 0.000000 -79.000000 -49.200000 0.000000 0.100000 -49.200000 0.000000 
-275.600000 -44.200000 0.000000 -112.500000 -25.000000 0.000000 -55.000000 -25.000000 0.000000 2.500000 -25.000000 0.000000 
-275.600000 -39.200000 0.000000 -112.500000 -20.000000 0.000000 -55.000000 -20.000000 0.000000 2.500000 -20.000000 0.000000 
-275.600000 -34.200000 0.000000 -112.500000 -15.000000 0.000000 -55.000000 -15.000000 0.000000 2.500000 -15.000000 0.000000 

0.100000 -49.200000 0.000000 98.400000 -49.200000 0.000000 196.700000 -49.200000 0.000000 295.000000 -49.200000 0.000000 
2.500000 -25.000000 0.000000 60.000000 -25.000000 0.000000 117.500000 -25.000000 0.000000 295.000000 -44.200000 0.000000 
2.500000 -20.000000 0.000000 60.000000 -20.000000 0.000000 117.500000 -20.000000 0.000000 295.000000 -39.200000 0.000000 
2.500000 -15.000000 0.000000 60.000000 -15.000000 0.000000 117.500000 -15.000000 0.000000 295.000000 -34.200000 0.000000 

-275.600000 -34.200000 0.000000 -112.500000 -15.000000 0.000000 -55.000000 -15.000000 0.000000 2.500000 -15.000000 0.000000 
-275.600000 -29.200000 0.000000 -112.500000 -10.000000 0.000000 -55.000000 -10.000000 0.000000 2.500000 -10.000000 0.000000 
-275.600000 -24.200000 0.000000 -112.500000 -5.000000 0.000000 -55.000000 -5.000000 0.000000 2.500000 -5.000000 0.000000 
-275.600000 -19.200000 0.000000 -177.300000 14.400000 0.000000 -79.000000 86.400000 0.000000 0.100000 81.600000 0.000000 

2.500000 -15.000000 0.000000 60.000000 -15.000000 0.000000 117.500000 -15.000000 0.000000 295.000000 -34.200000 0.000000 
2.500000 -10.000000 0.000000 60.000000 -10.000000 0.000000 117.500000 -10.000000 0.000000 295.000000 -29.200000 0.000000 
2.500000 -5.000000 0.000000 60.000000 -5.000000 0.000000 117.500000 -5.000000 0.000000 295.000000 -24.200000 0.000000 
0.100000 81.600000 0.000000 98.400000 86.400000 0.000000 196.700000 14.400000 0.000000 295.000000 -19.200000 0.000000 

