-272.300000 -48.600000 0.000000 -175.275000 -48.600000 0.000000 -78.250000 -48.600000 0.000000 0.175000 -48.600000 0.000000 
-272.300000 -43.600000 0.000000 -112.500000 -25.000000 0.000000 -55.000000 -25.000000 0.000000 2.500000 -25.000000 0.000000 
-272.300000 -38.600000 0.000000 -112.500000 -20.000000 0.000000 -55.000000 -20.000000 0.000000 2.500000 -20.000000 0.000000 
-272.300000 -33.600000 0.000000 -112.500000 -15.000000 0.000000 -55.000000 -15.000000 0.000000 2.500000 -15.000000 0.000000 

0.175000 -48.600000 0.000000 97.200000 -48.600000 0.000000 194.225000 -48.600000 0.000000 291.250000 -48.600000 0.000000 
2.500000 -25.000000 0.000000 60.000000 -25.000000 0.000000 117.500000 -25.000000 0.000000 291.250000 -43.600000 0.000000 
2.500000 -20.000000 0.000000 60.000000 -20.000000 0.000000 117.500000 -20.000000 0.000000 291.250000 -38.600000 0.000000 
2.500000 -15.000000 0.000000 60.000000 -15.000000 0.000000 117.500000 -15.000000 0.000000 291.250000 -33.600000 0.000000 

-272.300000 -33.600000 0.000000 -112.500000 -15.000000 0.000000 -55.000000 -15.000000 0.000000 2.500000 -15.000000 0.000000 
-272.300000 -28.600000 0.000000 -112.500000 -10.000000 0.000000 -55.000000 -10.000000 0.000000 2.500000 -10.000000 0.000000 
-272.300000 -23.600000 0.000000 -112.500000 -5.000000 0.000000 -55.000000 -5.000000 0.000000 2.500000 -5.000000 0.000000 
-272.300000 -18.600000 0.000000 -175.275000 13.950000 0.000000 -78.250000 83.700000 0.000000 0.175000 79.050000 0.000000 

2.500000 -15.000000 0.000000 60.000000 -15.000000 0.000000 117.500000 -15.000000 0.000000 291.250000 -33.600000 0.000000 
2.500000 -10.000000 0.000000 60.000000 -10.000000 0.000000 117.500000 -10.000000 0.000000 291.250000 -28.600000 0.000000 
2.500000 -5.000000 0.000000 60.000000 -5.000000 0.000000 117.500000 -5.000000 0.000000 291.250000 -23.600000 0.000000 
0.175000 79.050000 0.000000 97.200000 83.700000 0.000000 194.225000 13.950000 0.000000 291.250000 -18.600000 0.000000 

