-197.500000 -35.000000 0.000000 -129.375000 -35.000000 0.000000 -61.250000 -35.000000 0.000000 1.875000 -35.000000 0.000000 
-197.500000 -30.000000 0.000000 -112.500000 -28.541667 0.000000 -51.330076 -26.292370 0.000000 1.080321 -25.625000 0.000000 
-197.500000 -25.000000 0.000000 -112.500000 -22.083333 0.000000 -51.330076 -16.709036 0.000000 1.080321 -16.250000 0.000000 
-197.500000 -20.000000 0.000000 -112.500000 -15.625000 0.000000 -51.330076 -7.125703 0.000000 1.080321 -6.875000 0.000000 

1.875000 -35.000000 0.000000 70.000000 -35.000000 0.000000 138.125000 -35.000000 0.000000 206.250000 -35.000000 0.000000 
1.080321 -25.625000 0.000000 54.969287 -27.301661 0.000000 104.877753 -27.098105 0.000000 206.250000 -30.000000 0.000000 
1.080321 -16.250000 0.000000 54.969287 -17.718327 0.000000 104.877753 -20.639772 0.000000 206.250000 -25.000000 0.000000 
1.080321 -6.875000 0.000000 54.969287 -8.134994 0.000000 104.877753 -14.181438 0.000000 206.250000 -20.000000 0.000000 

-197.500000 -20.000000 0.000000 -112.500000 -15.625000 0.000000 -51.330076 -7.125703 0.000000 1.080321 -6.875000 0.000000 
-197.500000 -15.000000 0.000000 -112.500000 -9.166667 0.000000 -49.556372 2.861240 0.000000 0.701482 1.066313 0.000000 
-197.500000 -10.000000 0.000000 -92.270826 -3.521855 0.000000 -53.003581 12.444574 0.000000 -2.592279 10.441313 0.000000 
-197.500000 -5.000000 0.000000 -129.375000 3.750000 0.000000 -61.250000 22.500000 0.000000 1.875000 21.250000 0.000000 

1.080321 -6.875000 0.000000 54.969287 -8.134994 0.000000 104.877753 -14.181438 0.000000 206.250000 -20.000000 0.000000 
0.701482 1.066313 0.000000 59.410510 2.670323 0.000000 104.877753 -7.723105 0.000000 206.250000 -15.000000 0.000000 
-2.592279 10.441313 0.000000 58.797969 12.253657 0.000000 108.214244 -4.544468 0.000000 206.250000 -10.000000 0.000000 
1.875000 21.250000 0.000000 70.000000 22.500000 0.000000 138.125000 3.750000 0.000000 206.250000 -5.000000 0.000000 

