-203.000000 -36.000000 0.000000 -132.750000 -36.000000 0.000000 -62.500000 -36.000000 0.000000 1.750000 -36.000000 0.000000 
-203.000000 -31.000000 0.000000 -112.500000 -29.250000 0.000000 -53.215049 -26.551246 0.000000 7.110082 -24.888444 0.000000 
-203.000000 -26.000000 0.000000 -112.500000 -22.500000 0.000000 -53.215049 -16.051246 0.000000 7.110082 -14.638444 0.000000 
-203.000000 -21.000000 0.000000 -112.500000 -15.750000 0.000000 -53.215049 -5.551246 0.000000 7.110082 -4.388444 0.000000 

1.750000 -36.000000 0.000000 72.000000 -36.000000 0.000000 142.250000 -36.000000 0.000000 212.500000 -36.000000 0.000000 
7.110082 -24.888444 0.000000 62.115093 -28.237105 0.000000 100.909668 -26.296074 0.000000 212.500000 -31.000000 0.000000 
7.110082 -14.638444 0.000000 62.115093 -17.737105 0.000000 100.909668 -19.546074 0.000000 212.500000 -26.000000 0.000000 
7.110082 -4.388444 0.000000 62.115093 -7.237105 0.000000 100.909668 -12.796074 0.000000 212.500000 -21.000000 0.000000 

-203.000000 -21.000000 0.000000 -112.500000 -15.750000 0.000000 -53.215049 -5.551246 0.000000 7.110082 -4.388444 0.000000 
-203.000000 -16.000000 0.000000 -112.500000 -9.000000 0.000000 -49.461322 6.043973 0.000000 -3.037287 4.135613 0.000000 
-203.000000 -11.000000 0.000000 -90.607789 -1.769047 0.000000 -52.908532 16.543973 0.000000 -6.331049 14.385613 0.000000 
-203.000000 -6.000000 0.000000 -132.750000 4.500000 0.000000 -62.500000 27.000000 0.000000 1.750000 25.500000 0.000000 

7.110082 -4.388444 0.000000 62.115093 -7.237105 0.000000 100.909668 -12.796074 0.000000 212.500000 -21.000000 0.000000 
-3.037287 4.135613 0.000000 59.485904 6.078596 0.000000 100.909668 -6.046074 0.000000 212.500000 -16.000000 0.000000 
-6.331049 14.385613 0.000000 58.873364 16.578596 0.000000 105.488398 -0.831941 0.000000 212.500000 -11.000000 0.000000 
1.750000 25.500000 0.000000 72.000000 27.000000 0.000000 142.250000 4.500000 0.000000 212.500000 -6.000000 0.000000 

