-250.300000 -44.600000 0.000000 -161.775000 -44.600000 0.000000 -73.250000 -44.600000 0.000000 0.675000 -44.600000 0.000000 
-250.300000 -39.600000 0.000000 -112.500000 -25.000000 0.000000 -55.000000 -25.000000 0.000000 2.500000 -25.000000 0.000000 
-250.300000 -34.600000 0.000000 -112.500000 -20.000000 0.000000 -55.000000 -20.000000 0.000000 2.500000 -20.000000 0.000000 
-250.300000 -29.600000 0.000000 -112.500000 -15.000000 0.000000 -55.000000 -15.000000 0.000000 2.500000 -15.000000 0.000000 

0.675000 -44.600000 0.000000 89.200000 -44.600000 0.000000 177.725000 -44.600000 0.000000 266.250000 -44.600000 0.000000 
2.500000 -25.000000 0.000000 60.000000 -25.000000 0.000000 117.500000 -25.000000 0.000000 266.250000 -39.600000 0.000000 
2.500000 -20.000000 0.000000 60.000000 -20.000000 0.000000 117.500000 -20.000000 0.000000 266.250000 -34.600000 0.000000 
2.500000 -15.000000 0.000000 60.000000 -15.000000 0.000000 117.500000 -15.000000 0.000000 266.250000 -29.600000 0.000000 

-250.300000 -29.600000 0.000000 -112.500000 -15.000000 0.000000 -55.000000 -15.000000 0.000000 2.500000 -15.000000 0.000000 
-250.300000 -24.600000 0.000000 -112.500000 -10.000000 0.000000 -55.000000 -10.000000 0.000000 2.500000 -10.000000 0.000000 
-250.300000 -19.600000 0.000000 -112.500000 -5.000000 0.000000 -55.000000 -5.000000 0.000000 2.500000 -5.000000 0.000000 
-250.300000 -14.600000 0.000000 -161.775000 10.950000 0.000000 -73.250000 65.700000 0.000000 0.675000 62.050000 0.000000 

2.500000 -15.000000 0.000000 60.000000 -15.000000 0.000000 117.500000 -15.000000 0.000000 266.250000 -29.600000 0.000000 
2.500000 -10.000000 0.000000 60.000000 -10.000000 0.000000 117.500000 -10.000000 0.000000 266.250000 -24.600000 0.000000 
2.500000 -5.000000 0.000000 60.000000 -5.000000 0.000000 117.500000 -5.000000 0.000000 266.250000 -19.600000 0.000000 
0.675000 62.050000 0.000000 89.200000 65.700000 0.000000 177.725000 10.950000 0.000000 266.250000 -14.600000 0.000000 

