-238.200000 -42.400000 0.000000 -154.350000 -42.400000 0.000000 -70.500000 -42.400000 0.000000 0.950000 -42.400000 0.000000 
-238.200000 -37.400000 0.000000 -112.500000 -25.000000 0.000000 -55.000000 -25.000000 0.000000 2.500000 -25.000000 0.000000 
-238.200000 -32.400000 0.000000 -112.500000 -20.000000 0.000000 -55.000000 -20.000000 0.000000 2.500000 -20.000000 0.000000 
-238.200000 -27.400000 0.000000 -112.500000 -15.000000 0.000000 -55.000000 -15.000000 0.000000 2.500000 -15.000000 0.000000 

0.950000 -42.400000 0.000000 84.800000 -42.400000 0.000000 168.650000 -42.400000 0.000000 252.500000 -42.400000 0.000000 
2.500000 -25.000000 0.000000 60.000000 -25.000000 0.000000 117.500000 -25.000000 0.000000 252.500000 -37.400000 0.000000 
2.500000 -20.000000 0.000000 60.000000 -20.000000 0.000000 117.500000 -20.000000 0.000000 252.500000 -32.400000 0.000000 
2.500000 -15.000000 0.000000 60.000000 -15.000000 0.000000 117.500000 -15.000000 0.000000 252.500000 -27.400000 0.000000 

-238.200000 -27.400000 0.000000 -112.500000 -15.000000 0.000000 -55.000000 -15.000000 0.000000 2.500000 -15.000000 0.000000 
-238.200000 -22.400000 0.000000 -112.500000 -10.000000 0.000000 -55.000000 -10.000000 0.000000 2.500000 -10.000000 0.000000 
-238.200000 -17.400000 0.000000 -112.500000 -5.000000 0.000000 -55.000000 -5.000000 0.000000 2.500000 -5.000000 0.000000 
-238.200000 -12.400000 0.000000 -154.350000 9.300000 0.000000 -70.500000 55.800000 0.000000 0.950000 52.700000 0.000000 

2.500000 -15.000000 0.000000 60.000000 -15.000000 0.000000 117.500000 -15.000000 0.000000 252.500000 -27.400000 0.000000 
2.500000 -10.000000 0.000000 60.000000 -10.000000 0.000000 117.500000 -10.000000 0.000000 252.500000 -22.400000 0.000000 
2.500000 -5.000000 0.000000 60.000000 -5.000000 0.000000 117.500000 -5.000000 0.000000 252.500000 -17.400000 0.000000 
0.950000 52.700000 0.000000 84.800000 55.800000 0.000000 168.650000 9.300000 0.000000 252.500000 -12.400000 0.000000 

