-170.000000 -30.000000 0.000000 -112.500000 -30.000000 0.000000 -55.000000 -30.000000 0.000000 2.500000 -30.000000 0.000000 
-170.000000 -25.000000 0.000000 -112.500000 -25.000000 0.000000 -55.000000 -25.000000 0.000000 2.500000 -25.000000 0.000000 
-170.000000 -20.000000 0.000000 -112.500000 -20.000000 0.000000 -55.000000 -20.000000 0.000000 2.500000 -20.000000 0.000000 
-170.000000 -15.000000 0.000000 -112.500000 -15.000000 0.000000 -55.000000 -15.000000 0.000000 2.500000 -15.000000 0.000000 

2.500000 -30.000000 0.000000 60.000000 -30.000000 0.000000 117.500000 -30.000000 0.000000 175.000000 -30.000000 0.000000 
2.500000 -25.000000 0.000000 60.000000 -25.000000 0.000000 117.500000 -25.000000 0.000000 175.000000 -25.000000 0.000000 
2.500000 -20.000000 0.000000 60.000000 -20.000000 0.000000 117.500000 -20.000000 0.000000 175.000000 -20.000000 0.000000 
2.500000 -15.000000 0.000000 60.000000 -15.000000 0.000000 117.500000 -15.000000 0.000000 175.000000 -15.000000 0.000000 

-170.000000 -15.000000 0.000000 -112.500000 -15.000000 0.000000 -55.000000 -15.000000 0.000000 2.500000 -15.000000 0.000000 
-170.000000 -10.000000 0.000000 -112.500000 -10.000000 0.000000 -55.000000 -10.000000 0.000000 2.500000 -10.000000 0.000000 
-170.000000 -5.000000 0.000000 -112.500000 -5.000000 0.000000 -55.000000 -5.000000 0.000000 2.500000 -5.000000 0.000000 
-170.000000 0.000000 0.000000 -112.500000 0.000000 0.000000 -55.000000 0.000000 0.000000 2.500000 0.000000 0.000000 

2.500000 -15.000000 0.000000 60.000000 -15.000000 0.000000 117.500000 -15.000000 0.000000 175.000000 -15.000000 0.000000 
2.500000 -10.000000 0.000000 60.000000 -10.000000 0.000000 117.500000 -10.000000 0.000000 175.000000 -10.000000 0.000000 
2.500000 -5.000000 0.000000 60.000000 -5.000000 0.000000 117.500000 -5.000000 0.000000 175.000000 -5.000000 0.000000 
2.500000 0.000000 0.000000 60.000000 0.000000 0.000000 117.500000 0.000000 0.000000 175.000000 0.000000 0.000000 

