-228.300000 -40.600000 0.000000 -148.275000 -40.600000 0.000000 -68.250000 -40.600000 0.000000 1.175000 -40.600000 0.000000 
-228.300000 -35.600000 0.000000 -112.500000 -25.000000 0.000000 -55.000000 -25.000000 0.000000 2.500000 -25.000000 0.000000 
-228.300000 -30.600000 0.000000 -112.500000 -20.000000 0.000000 -55.000000 -20.000000 0.000000 2.500000 -20.000000 0.000000 
-228.300000 -25.600000 0.000000 -112.500000 -15.000000 0.000000 -55.000000 -15.000000 0.000000 2.500000 -15.000000 0.000000 

1.175000 -40.600000 0.000000 81.200000 -40.600000 0.000000 161.225000 -40.600000 0.000000 241.250000 -40.600000 0.000000 
2.500000 -25.000000 0.000000 60.000000 -25.000000 0.000000 117.500000 -25.000000 0.000000 241.250000 -35.600000 0.000000 
2.500000 -20.000000 0.000000 60.000000 -20.000000 0.000000 117.500000 -20.000000 0.000000 241.250000 -30.600000 0.000000 
2.500000 -15.000000 0.000000 60.000000 -15.000000 0.000000 117.500000 -15.000000 0.000000 241.250000 -25.600000 0.000000 

-228.300000 -25.600000 0.000000 -112.500000 -15.000000 0.000000 -55.000000 -15.000000 0.000000 2.500000 -15.000000 0.000000 
-228.300000 -20.600000 0.000000 -112.500000 -10.000000 0.000000 -55.000000 -10.000000 0.000000 2.500000 -10.000000 0.000000 
-228.300000 -15.600000 0.000000 -112.500000 -5.000000 0.000000 -55.000000 -5.000000 0.000000 2.500000 -5.000000 0.000000 
-228.300000 -10.600000 0.000000 -148.275000 7.950000 0.000000 -68.250000 47.700000 0.000000 1.175000 45.050000 0.000000 

2.500000 -15.000000 0.000000 60.000000 -15.000000 0.000000 117.500000 -15.000000 0.000000 241.250000 -25.600000 0.000000 
2.500000 -10.000000 0.000000 60.000000 -10.000000 0.000000 117.500000 -10.000000 0.000000 241.250000 -20.600000 0.000000 
2.500000 -5.000000 0.000000 60.000000 -5.000000 0.000000 117.500000 -5.000000 0.000000 241.250000 -15.600000 0.000000 
1.175000 45.050000 0.000000 81.200000 47.700000 0.000000 161.225000 7.950000 0.000000 241.250000 -10.600000 0.000000 

