-203.000000 -36.000000 0.000000 -132.750000 -36.000000 0.000000 -62.500000 -36.000000 0.000000 1.750000 -36.000000 0.000000 
-203.000000 -31.000000 0.000000 -112.500000 -25.000000 0.000000 -55.000000 -25.000000 0.000000 2.500000 -25.000000 0.000000 
-203.000000 -26.000000 0.000000 -112.500000 -20.000000 0.000000 -55.000000 -20.000000 0.000000 2.500000 -20.000000 0.000000 
-203.000000 -21.000000 0.000000 -112.500000 -15.000000 0.000000 -55.000000 -15.000000 0.000000 2.500000 -15.000000 0.000000 

1.750000 -36.000000 0.000000 72.000000 -36.000000 0.000000 142.250000 -36.000000 0.000000 212.500000 -36.000000 0.000000 
2.500000 -25.000000 0.000000 60.000000 -25.000000 0.000000 117.500000 -25.000000 0.000000 212.500000 -31.000000 0.000000 
2.500000 -20.000000 0.000000 60.000000 -20.000000 0.000000 117.500000 -20.000000 0.000000 212.500000 -26.000000 0.000000 
2.500000 -15.000000 0.000000 60.000000 -15.000000 0.000000 117.500000 -15.000000 0.000000 212.500000 -21.000000 0.000000 

-203.000000 -21.000000 0.000000 -112.500000 -15.000000 0.000000 -55.000000 -15.000000 0.000000 2.500000 -15.000000 0.000000 
-203.000000 -16.000000 0.000000 -112.500000 -10.000000 0.000000 -55.000000 -10.000000 0.000000 2.500000 -10.000000 0.000000 
-203.000000 -11.000000 0.000000 -112.500000 -5.000000 0.000000 -55.000000 -5.000000 0.000000 2.500000 -5.000000 0.000000 
-203.000000 -6.000000 0.000000 -132.750000 4.500000 0.000000 -62.500000 27.000000 0.000000 1.750000 25.500000 0.000000 

2.500000 -15.000000 0.000000 60.000000 -15.000000 0.000000 117.500000 -15.000000 0.000000 212.500000 -21.000000 0.000000 
2.500000 -10.000000 0.000000 60.000000 -10.000000 0.000000 117.500000 -10.000000 0.000000 212.500000 -16.000000 0.000000 
2.500000 -5.000000 0.000000 60.000000 -5.000000 0.000000 117.500000 -5.000000 0.000000 212.500000 -11.000000 0.000000 
1.750000 25.500000 0.000000 72.000000 27.000000 0.000000 142.250000 4.500000 0.000000 212.500000 -6.000000 0.000000 

