-192.000000 -34.000000 0.000000 -126.000000 -34.000000 0.000000 -60.000000 -34.000000 0.000000 2.000000 -34.000000 0.000000 
-192.000000 -29.000000 0.000000 -112.500000 -27.833333 0.000000 -55.376889 -26.540470 0.000000 1.080321 -27.054603 0.000000 
-192.000000 -24.000000 0.000000 -112.500000 -21.666667 0.000000 -55.376889 -17.873803 0.000000 1.080321 -18.554603 0.000000 
-192.000000 -19.000000 0.000000 -112.500000 -15.500000 0.000000 -55.376889 -9.207137 0.000000 1.080321 -10.054603 0.000000 

2.000000 -34.000000 0.000000 68.000000 -34.000000 0.000000 134.000000 -34.000000 0.000000 200.000000 -34.000000 0.000000 
1.080321 -27.054603 0.000000 62.597706 -24.803638 0.000000 109.546938 -26.930250 0.000000 200.000000 -29.000000 0.000000 
1.080321 -18.554603 0.000000 62.597706 -16.136971 0.000000 109.546938 -20.763584 0.000000 200.000000 -24.000000 0.000000 
1.080321 -10.054603 0.000000 62.597706 -7.470304 0.000000 109.546938 -14.596917 0.000000 200.000000 -19.000000 0.000000 

-192.000000 -19.000000 0.000000 -112.500000 -15.500000 0.000000 -55.376889 -9.207137 0.000000 1.080321 -10.054603 0.000000 
-192.000000 -14.000000 0.000000 -112.500000 -9.333333 0.000000 -55.602884 1.686281 0.000000 4.847698 -0.322505 0.000000 
-192.000000 -9.000000 0.000000 -80.245950 -4.571192 0.000000 -59.050094 10.352947 0.000000 1.553937 8.177495 0.000000 
-192.000000 -4.000000 0.000000 -126.000000 3.000000 0.000000 -60.000000 18.000000 0.000000 2.000000 17.000000 0.000000 

1.080321 -10.054603 0.000000 62.597706 -7.470304 0.000000 109.546938 -14.596917 0.000000 200.000000 -19.000000 0.000000 
4.847698 -0.322505 0.000000 55.407677 0.822722 0.000000 109.546938 -8.430250 0.000000 200.000000 -14.000000 0.000000 
1.553937 8.177495 0.000000 54.795136 9.489389 0.000000 105.366365 -2.263584 0.000000 200.000000 -9.000000 0.000000 
2.000000 17.000000 0.000000 68.000000 18.000000 0.000000 134.000000 3.000000 0.000000 200.000000 -4.000000 0.000000 

