-237.100000 -42.200000 0.000000 -153.675000 -42.200000 0.000000 -70.250000 -42.200000 0.000000 0.975000 -42.200000 0.000000 
-237.100000 -37.200000 0.000000 -112.500000 -25.000000 0.000000 -55.000000 -25.000000 0.000000 2.500000 -25.000000 0.000000 
-237.100000 -32.200000 0.000000 -112.500000 -20.000000 0.000000 -55.000000 -20.000000 0.000000 2.500000 -20.000000 0.000000 
-237.100000 -27.200000 0.000000 -112.500000 -15.000000 0.000000 -55.000000 -15.000000 0.000000 2.500000 -15.000000 0.000000 

0.975000 -42.200000 0.000000 84.400000 -42.200000 0.000000 167.825000 -42.200000 0.000000 251.250000 -42.200000 0.000000 
2.500000 -25.000000 0.000000 60.000000 -25.000000 0.000000 117.500000 -25.000000 0.000000 251.250000 -37.200000 0.000000 
2.500000 -20.000000 0.000000 60.000000 -20.000000 0.000000 117.500000 -20.000000 0.000000 251.250000 -32.200000 0.000000 
2.500000 -15.000000 0.000000 60.000000 -15.000000 0.000000 117.500000 -15.000000 0.000000 251.250000 -27.200000 0.000000 

-237.100000 -27.200000 0.000000 -112.500000 -15.000000 0.000000 -55.000000 -15.000000 0.000000 2.500000 -15.000000 0.000000 
-237.100000 -22.200000 0.000000 -112.500000 -10.000000 0.000000 -55.000000 -10.000000 0.000000 2.500000 -10.000000 0.000000 
-237.100000 -17.200000 0.000000 -112.500000 -5.000000 0.000000 -55.000000 -5.000000 0.000000 2.500000 -5.000000 0.000000 
-237.100000 -12.200000 0.000000 -153.675000 9.150000 0.000000 -70.250000 54.900000 0.000000 0.975000 51.850000 0.000000 

2.500000 -15.000000 0.000000 60.000000 -15.000000 0.000000 117.500000 -15.000000 0.000000 251.250000 -27.200000 0.000000 
2.500000 -10.000000 0.000000 60.000000 -10.000000 0.000000 117.500000 -10.000000 0.000000 251.250000 -22.200000 0.000000 
2.500000 -5.000000 0.000000 60.000000 -5.000000 0.000000 117.500000 -5.000000 0.000000 251.250000 -17.200000 0.000000 
0.975000 51.850000 0.000000 84.400000 54.900000 0.000000 167.825000 9.150000 0.000000 251.250000 -12.200000 0.000000 

