-254.700000 -45.400000 0.000000 -164.475000 -45.400000 0.000000 -74.250000 -45.400000 0.000000 0.575000 -45.400000 0.000000 
-254.700000 -40.400000 0.000000 -112.500000 -25.000000 0.000000 -55.000000 -25.000000 0.000000 2.500000 -25.000000 0.000000 
-254.700000 -35.400000 0.000000 -112.500000 -20.000000 0.000000 -55.000000 -20.000000 0.000000 2.500000 -20.000000 0.000000 
-254.700000 -30.400000 0.000000 -112.500000 -15.000000 0.000000 -55.000000 -15.000000 0.000000 2.500000 -15.000000 0.000000 

0.575000 -45.400000 0.000000 90.800000 -45.400000 0.000000 181.025000 -45.400000 0.000000 271.250000 -45.400000 0.000000 
2.500000 -25.000000 0.000000 60.000000 -25.000000 0.000000 117.500000 -25.000000 0.000000 271.250000 -40.400000 0.000000 
2.500000 -20.000000 0.000000 60.000000 -20.000000 0.000000 117.500000 -20.000000 0.000000 271.250000 -35.400000 0.000000 
2.500000 -15.000000 0.000000 60.000000 -15.000000 0.000000 117.500000 -15.000000 0.000000 271.250000 -30.400000 0.000000 

-254.700000 -30.400000 0.000000 -112.500000 -15.000000 0.000000 -55.000000 -15.000000 0.000000 2.500000 -15.000000 0.000000 
-254.700000 -25.400000 0.000000 -112.500000 -10.000000 0.000000 -55.000000 -10.000000 0.000000 2.500000 -10.000000 0.000000 
-254.700000 -20.400000 0.000000 -112.500000 -5.000000 0.000000 -55.000000 -5.000000 0.000000 2.500000 -5.000000 0.000000 
-254.700000 -15.400000 0.000000 -164.475000 11.550000 0.000000 -74.250000 69.300000 0.000000 0.575000 65.450000 0.000000 

2.500000 -15.000000 0.000000 60.000000 -15.000000 0.000000 117.500000 -15.000000 0.000000 271.250000 -30.400000 0.000000 
2.500000 -10.000000 0.000000 60.000000 -10.000000 0.000000 117.500000 -10.000000 0.000000 271.250000 -25.400000 0.000000 
2.500000 -5.000000 0.000000 60.000000 -5.000000 0.000000 117.500000 -5.000000 0.000000 271.250000 -20.400000 0.000000 
0.575000 65.450000 0.000000 90.800000 69.300000 0.000000 181.025000 11.550000 0.000000 271.250000 -15.400000 0.000000 

