-186.500000 -33.000000 0.000000 -122.625000 -33.000000 0.000000 -58.750000 -33.000000 0.000000 2.125000 -33.000000 0.000000 
-186.500000 -28.000000 0.000000 -112.500000 -25.000000 0.000000 -55.000000 -25.000000 0.000000 2.500000 -25.000000 0.000000 
-186.500000 -23.000000 0.000000 -112.500000 -20.000000 0.000000 -55.000000 -20.000000 0.000000 2.500000 -20.000000 0.000000 
-186.500000 -18.000000 0.000000 -112.500000 -15.000000 0.000000 -55.000000 -15.000000 0.000000 2.500000 -15.000000 0.000000 

2.125000 -33.000000 0.000000 66.000000 -33.000000 0.000000 129.875000 -33.000000 0.000000 193.750000 -33.000000 0.000000 
2.500000 -25.000000 0.000000 60.000000 -25.000000 0.000000 117.500000 -25.000000 0.000000 193.750000 -28.000000 0.000000 
2.500000 -20.000000 0.000000 60.000000 -20.000000 0.000000 117.500000 -20.000000 0.000000 193.750000 -23.000000 0.000000 
2.500000 -15.000000 0.000000 60.000000 -15.000000 0.000000 117.500000 -15.000000 0.000000 193.750000 -18.000000 0.000000 

-186.500000 -18.000000 0.000000 -112.500000 -15.000000 0.000000 -55.000000 -15.000000 0.000000 2.500000 -15.000000 0.000000 
-186.500000 -13.000000 0.000000 -112.500000 -10.000000 0.000000 -55.000000 -10.000000 0.000000 2.500000 -10.000000 0.000000 
-186.500000 -8.000000 0.000000 -112.500000 -5.000000 0.000000 -55.000000 -5.000000 0.000000 2.500000 -5.000000 0.000000 
-186.500000 -3.000000 0.000000 -122.625000 2.250000 0.000000 -58.750000 13.500000 0.000000 2.125000 12.750000 0.000000 

2.500000 -15.000000 0.000000 60.000000 -15.000000 0.000000 117.500000 -15.000000 0.000000 193.750000 -18.000000 0.000000 
2.500000 -10.000000 0.000000 60.000000 -10.000000 0.000000 117.500000 -10.000000 0.000000 193.750000 -13.000000 0.000000 
2.500000 -5.000000 0.000000 60.000000 -5.000000 0.000000 117.500000 -5.000000 0.000000 193.750000 -8.000000 0.000000 
2.125000 12.750000 0.000000 66.000000 13.500000 0.000000 129.875000 2.250000 0.000000 193.750000 -3.000000 0.000000 

