-229.400000 -40.800000 0.000000 -148.950000 -40.800000 0.000000 -68.500000 -40.800000 0.000000 1.150000 -40.800000 0.000000 
-229.400000 -35.800000 0.000000 -112.500000 -25.000000 0.000000 -55.000000 -25.000000 0.000000 2.500000 -25.000000 0.000000 
-229.400000 -30.800000 0.000000 -112.500000 -20.000000 0.000000 -55.000000 -20.000000 0.000000 2.500000 -20.000000 0.000000 
-229.400000 -25.800000 0.000000 -112.500000 -15.000000 0.000000 -55.000000 -15.000000 0.000000 2.500000 -15.000000 0.000000 

1.150000 -40.800000 0.000000 81.600000 -40.800000 0.000000 162.050000 -40.800000 0.000000 242.500000 -40.800000 0.000000 
2.500000 -25.000000 0.000000 60.000000 -25.000000 0.000000 117.500000 -25.000000 0.000000 242.500000 -35.800000 0.000000 
2.500000 -20.000000 0.000000 60.000000 -20.000000 0.000000 117.500000 -20.000000 0.000000 242.500000 -30.800000 0.000000 
2.500000 -15.000000 0.000000 60.000000 -15.000000 0.000000 117.500000 -15.000000 0.000000 242.500000 -25.800000 0.000000 

-229.400000 -25.800000 0.000000 -112.500000 -15.000000 0.000000 -55.000000 -15.000000 0.000000 2.500000 -15.000000 0.000000 
-229.400000 -20.800000 0.000000 -112.500000 -10.000000 0.000000 -55.000000 -10.000000 0.000000 2.500000 -10.000000 0.000000 
-229.400000 -15.800000 0.000000 -112.500000 -5.000000 0.000000 -55.000000 -5.000000 0.000000 2.500000 -5.000000 0.000000 
-229.400000 -10.800000 0.000000 -148.950000 8.100000 0.000000 -68.500000 48.600000 0.000000 1.150000 45.900000 0.000000 

2.500000 -15.000000 0.000000 60.000000 -15.000000 0.000000 117.500000 -15.000000 0.000000 242.500000 -25.800000 0.000000 
2.500000 -10.000000 0.000000 60.000000 -10.000000 0.000000 117.500000 -10.000000 0.000000 242.500000 -20.800000 0.000000 
2.500000 -5.000000 0.000000 60.000000 -5.000000 0.000000 117.500000 -5.000000 0.000000 242.500000 -15.800000 0.000000 
1.150000 45.900000 0.000000 81.600000 48.600000 0.000000 162.050000 8.100000 0.000000 242.500000 -10.800000 0.000000 

