-230.500000 -41.000000 0.000000 -149.625000 -41.000000 0.000000 -68.750000 -41.000000 0.000000 1.125000 -41.000000 0.000000 
-230.500000 -36.000000 0.000000 -122.884209 -31.355326 0.000000 -45.396003 -25.445810 0.000000 11.784116 -28.459003 0.000000 
-230.500000 -31.000000 0.000000 -122.884209 -23.146993 0.000000 -45.396003 -10.362477 0.000000 11.784116 -13.834003 0.000000 
-230.500000 -26.000000 0.000000 -122.884209 -14.938660 0.000000 -54.874918 1.216296 0.000000 10.285783 1.413564 0.000000 

1.125000 -41.000000 0.000000 82.000000 -41.000000 0.000000 162.875000 -41.000000 0.000000 243.750000 -41.000000 0.000000 
11.784116 -28.459003 0.000000 63.887609 -25.051768 0.000000 108.712845 -32.789010 0.000000 243.750000 -36.000000 0.000000 
11.784116 -13.834003 0.000000 63.887609 -9.968434 0.000000 108.712845 -24.580677 0.000000 243.750000 -31.000000 0.000000 
10.285783 1.413564 0.000000 68.380636 5.160609 0.000000 108.712845 -16.372343 0.000000 243.750000 -26.000000 0.000000 

-230.500000 -26.000000 0.000000 -122.884209 -14.938660 0.000000 -54.874918 1.216296 0.000000 10.285783 1.413564 0.000000 
-230.500000 -21.000000 0.000000 -122.884209 -6.730326 0.000000 -54.344073 16.299629 0.000000 -0.622676 16.038564 0.000000 
-230.500000 -16.000000 0.000000 -82.916009 -1.196899 0.000000 -64.935951 32.159323 0.000000 -5.186706 31.163739 0.000000 
-230.500000 -11.000000 0.000000 -149.625000 8.250000 0.000000 -68.750000 49.500000 0.000000 1.125000 46.750000 0.000000 

10.285783 1.413564 0.000000 68.380636 5.160609 0.000000 108.712845 -16.372343 0.000000 243.750000 -26.000000 0.000000 
-0.622676 16.038564 0.000000 62.643471 20.243943 0.000000 108.712845 -8.164010 0.000000 243.750000 -21.000000 0.000000 
-5.186706 31.163739 0.000000 64.032934 35.344970 0.000000 107.240376 2.373515 0.000000 243.750000 -16.000000 0.000000 
1.125000 46.750000 0.000000 82.000000 49.500000 0.000000 162.875000 8.250000 0.000000 243.750000 -11.000000 0.000000 

