-201.900000 -35.800000 0.000000 -132.075000 -35.800000 0.000000 -62.250000 -35.800000 0.000000 1.775000 -35.800000 0.000000 
-201.900000 -30.800000 0.000000 -112.500000 -25.000000 0.000000 -55.000000 -25.000000 0.000000 2.500000 -25.000000 0.000000 
-201.900000 -25.800000 0.000000 -112.500000 -20.000000 0.000000 -55.000000 -20.000000 0.000000 2.500000 -20.000000 0.000000 
-201.900000 -20.800000 0.000000 -112.500000 -15.000000 0.000000 -55.000000 -15.000000 0.000000 2.500000 -15.000000 0.000000 

1.775000 -35.800000 0.000000 71.600000 -35.800000 0.000000 141.425000 -35.800000 0.000000 211.250000 -35.800000 0.000000 
2.500000 -25.000000 0.000000 60.000000 -25.000000 0.000000 117.500000 -25.000000 0.000000 211.250000 -30.800000 0.000000 
2.500000 -20.000000 0.000000 60.000000 -20.000000 0.000000 117.500000 -20.000000 0.000000 211.250000 -25.800000 0.000000 
2.500000 -15.000000 0.000000 60.000000 -15.000000 0.000000 117.500000 -15.000000 0.000000 211.250000 -20.800000 0.000000 

-201.900000 -20.800000 0.000000 -112.500000 -15.000000 0.000000 -55.000000 -15.000000 0.000000 2.500000 -15.000000 0.000000 
-201.900000 -15.800000 0.000000 -112.500000 -10.000000 0.000000 -55.000000 -10.000000 0.000000 2.500000 -10.000000 0.000000 
-201.900000 -10.800000 0.000000 -112.500000 -5.000000 0.000000 -55.000000 -5.000000 0.000000 2.500000 -5.000000 0.000000 
-201.900000 -5.800000 0.000000 -132.075000 4.350000 0.000000 -62.250000 26.100000 0.000000 1.775000 24.650000 0.000000 

2.500000 -15.000000 0.000000 60.000000 -15.000000 0.000000 117.500000 -15.000000 0.000000 211.250000 -20.800000 0.000000 
2.500000 -10.000000 0.000000 60.000000 -10.000000 0.000000 117.500000 -10.000000 0.000000 211.250000 -15.800000 0.000000 
2.500000 -5.000000 0.000000 60.000000 -5.000000 0.000000 117.500000 -5.000000 0.000000 211.250000 -10.800000 0.000000 
1.775000 24.650000 0.000000 71.600000 26.100000 0.000000 141.425000 4.350000 0.000000 211.250000 -5.800000 0.000000 

