-277.800000 -49.600000 0.000000 -178.650000 -49.600000 0.000000 -79.500000 -49.600000 0.000000 0.050000 -49.600000 0.000000 
-277.800000 -44.600000 0.000000 -112.500000 -25.000000 0.000000 -55.000000 -25.000000 0.000000 2.500000 -25.000000 0.000000 
-277.800000 -39.600000 0.000000 -112.500000 -20.000000 0.000000 -55.000000 -20.000000 0.000000 2.500000 -20.000000 0.000000 
-277.800000 -34.600000 0.000000 -112.500000 -15.000000 0.000000 -55.000000 -15.000000 0.000000 2.500000 -15.000000 0.000000 

0.050000 -49.600000 0.000000 99.200000 -49.600000 0.000000 198.350000 -49.600000 0.000000 297.500000 -49.600000 0.000000 
2.500000 -25.000000 0.000000 60.000000 -25.000000 0.000000 117.500000 -25.000000 0.000000 297.500000 -44.600000 0.000000 
2.500000 -20.000000 0.000000 60.000000 -20.000000 0.000000 117.500000 -20.000000 0.000000 297.500000 -39.600000 0.000000 
2.500000 -15.000000 0.000000 60.000000 -15.000000 0.000000 117.500000 -15.000000 0.000000 297.500000 -34.600000 0.000000 

-277.800000 -34.600000 0.000000 -112.500000 -15.000000 0.000000 -55.000000 -15.000000 0.000000 2.500000 -15.000000 0.000000 
-277.800000 -29.600000 0.000000 -112.500000 -10.000000 0.000000 -55.000000 -10.000000 0.000000 2.500000 -10.000000 0.000000 
-277.800000 -24.600000 0.000000 -112.500000 -5.000000 0.000000 -55.000000 -5.000000 0.000000 2.500000 -5.000000 0.000000 
-277.800000 -19.600000 0.000000 -178.650000 14.700000 0.000000 -79.500000 88.200000 0.000000 0.050000 83.300000 0.000000 

2.500000 -15.000000 0.000000 60.000000 -15.000000 0.000000 117.500000 -15.000000 0.000000 297.500000 -34.600000 0.000000 
2.500000 -10.000000 0.000000 60.000000 -10.000000 0.000000 117.500000 -10.000000 0.000000 297.500000 -29.600000 0.000000 
2.500000 -5.000000 0.000000 60.000000 -5.000000 0.000000 117.500000 -5.000000 0.000000 297.500000 -24.600000 0.000000 
0.050000 83.300000 0.000000 99.200000 88.200000 0.000000 198.350000 14.700000 0.000000 297.500000 -19.600000 0.000000 

