-247.000000 -44.000000 0.000000 -159.750000 -44.000000 0.000000 -72.500000 -44.000000 0.000000 0.750000 -44.000000 0.000000 
-247.000000 -39.000000 0.000000 -134.522390 -34.916667 0.000000 -45.300481 -25.554565 0.000000 9.830088 -27.218714 0.000000 
-247.000000 -34.000000 0.000000 -137.014155 -25.583219 0.000000 -45.300481 -7.721232 0.000000 9.830088 -9.968714 0.000000 
-247.000000 -29.000000 0.000000 -137.014155 -16.499885 0.000000 -52.955339 10.361433 0.000000 11.570429 8.547287 0.000000 

0.750000 -44.000000 0.000000 88.000000 -44.000000 0.000000 175.250000 -44.000000 0.000000 262.500000 -44.000000 0.000000 
9.830088 -27.218714 0.000000 63.421038 -26.820498 0.000000 110.606615 -33.852808 0.000000 262.500000 -39.000000 0.000000 
9.830088 -9.968714 0.000000 63.421038 -8.987164 0.000000 110.606615 -24.769475 0.000000 262.500000 -34.000000 0.000000 
11.570429 8.547287 0.000000 68.166085 10.440503 0.000000 110.606615 -15.686141 0.000000 262.500000 -29.000000 0.000000 

-247.000000 -29.000000 0.000000 -137.014155 -16.499885 0.000000 -52.955339 10.361433 0.000000 11.570429 8.547287 0.000000 
-247.000000 -24.000000 0.000000 -137.014155 -7.416552 0.000000 -55.897499 27.055030 0.000000 0.661971 25.797287 0.000000 
-247.000000 -19.000000 0.000000 -82.730857 1.152562 0.000000 -59.772569 44.888364 0.000000 -5.494181 40.667393 0.000000 
-247.000000 -14.000000 0.000000 -159.750000 10.500000 0.000000 -72.500000 63.000000 0.000000 0.750000 59.500000 0.000000 

11.570429 8.547287 0.000000 68.166085 10.440503 0.000000 110.606615 -15.686141 0.000000 262.500000 -29.000000 0.000000 
0.661971 25.797287 0.000000 62.428920 28.273836 0.000000 110.606615 -6.602808 0.000000 262.500000 -24.000000 0.000000 
-5.494181 40.667393 0.000000 74.463307 45.079455 0.000000 113.929828 0.293493 0.000000 262.500000 -19.000000 0.000000 
0.750000 59.500000 0.000000 88.000000 63.000000 0.000000 175.250000 10.500000 0.000000 262.500000 -14.000000 0.000000 

