-251.400000 -44.800000 0.000000 -162.450000 -44.800000 0.000000 -73.500000 -44.800000 0.000000 0.650000 -44.800000 0.000000 
-251.400000 -39.800000 0.000000 -112.500000 -25.000000 0.000000 -55.000000 -25.000000 0.000000 2.500000 -25.000000 0.000000 
-251.400000 -34.800000 0.000000 -112.500000 -20.000000 0.000000 -55.000000 -20.000000 0.000000 2.500000 -20.000000 0.000000 
-251.400000 -29.800000 0.000000 -112.500000 -15.000000 0.000000 -55.000000 -15.000000 0.000000 2.500000 -15.000000 0.000000 

0.650000 -44.800000 0.000000 89.600000 -44.800000 0.000000 178.550000 -44.800000 0.000000 267.500000 -44.800000 0.000000 
2.500000 -25.000000 0.000000 60.000000 -25.000000 0.000000 117.500000 -25.000000 0.000000 267.500000 -39.800000 0.000000 
2.500000 -20.000000 0.000000 60.000000 -20.000000 0.000000 117.500000 -20.000000 0.000000 267.500000 -34.800000 0.000000 
2.500000 -15.000000 0.000000 60.000000 -15.000000 0.000000 117.500000 -15.000000 0.000000 267.500000 -29.800000 0.000000 

-251.400000 -29.800000 0.000000 -112.500000 -15.000000 0.000000 -55.000000 -15.000000 0.000000 2.500000 -15.000000 0.000000 
-251.400000 -24.800000 0.000000 -112.500000 -10.000000 0.000000 -55.000000 -10.000000 0.000000 2.500000 -10.000000 0.000000 
-251.400000 -19.800000 0.000000 -112.500000 -5.000000 0.000000 -55.000000 -5.000000 0.000000 2.500000 -5.000000 0.000000 
-251.400000 -14.800000 0.000000 -162.450000 11.100000 0.000000 -73.500000 66.600000 0.000000 0.650000 62.900000 0.000000 

2.500000 -15.000000 0.000000 60.000000 -15.000000 0.000000 117.500000 -15.000000 0.000000 267.500000 -29.800000 0.000000 
2.500000 -10.000000 0.000000 60.000000 -10.000000 0.000000 117.500000 -10.000000 0.000000 267.500000 -24.800000 0.000000 
2.500000 -5.000000 0.000000 60.000000 -5.000000 0.000000 117.500000 -5.000000 0.000000 267.500000 -19.800000 0.000000 
0.650000 62.900000 0.000000 89.600000 66.600000 0.000000 178.550000 11.100000 0.000000 267.500000 -14.800000 0.000000 

