-211.800000 -37.600000 0.000000 -138.150000 -37.600000 0.000000 -64.500000 -37.600000 0.000000 1.550000 -37.600000 0.000000 
-211.800000 -32.600000 0.000000 -112.500000 -25.000000 0.000000 -55.000000 -25.000000 0.000000 2.500000 -25.000000 0.000000 
-211.800000 -27.600000 0.000000 -112.500000 -20.000000 0.000000 -55.000000 -20.000000 0.000000 2.500000 -20.000000 0.000000 
-211.800000 -22.600000 0.000000 -112.500000 -15.000000 0.000000 -55.000000 -15.000000 0.000000 2.500000 -15.000000 0.000000 

1.550000 -37.600000 0.000000 75.200000 -37.600000 0.000000 148.850000 -37.600000 0.000000 222.500000 -37.600000 0.000000 
2.500000 -25.000000 0.000000 60.000000 -25.000000 0.000000 117.500000 -25.000000 0.000000 222.500000 -32.600000 0.000000 
2.500000 -20.000000 0.000000 60.000000 -20.000000 0.000000 117.500000 -20.000000 0.000000 222.500000 -27.600000 0.000000 
2.500000 -15.000000 0.000000 60.000000 -15.000000 0.000000 117.500000 -15.000000 0.000000 222.500000 -22.600000 0.000000 

-211.800000 -22.600000 0.000000 -112.500000 -15.000000 0.000000 -55.000000 -15.000000 0.000000 2.500000 -15.000000 0.000000 
-211.800000 -17.600000 0.000000 -112.500000 -10.000000 0.000000 -55.000000 -10.000000 0.000000 2.500000 -10.000000 0.000000 
-211.800000 -12.600000 0.000000 -112.500000 -5.000000 0.000000 -55.000000 -5.000000 0.000000 2.500000 -5.000000 0.000000 
-211.800000 -7.600000 0.000000 -138.150000 5.700000 0.000000 -64.500000 34.200000 0.000000 1.550000 32.300000 0.000000 

2.500000 -15.000000 0.000000 60.000000 -15.000000 0.000000 117.500000 -15.000000 0.000000 222.500000 -22.600000 0.000000 
2.500000 -10.000000 0.000000 60.000000 -10.000000 0.000000 117.500000 -10.000000 0.000000 222.500000 -17.600000 0.000000 
2.500000 -5.000000 0.000000 60.000000 -5.000000 0.000000 117.500000 -5.000000 0.000000 222.500000 -12.600000 0.000000 
1.550000 32.300000 0.000000 75.200000 34.200000 0.000000 148.850000 5.700000 0.000000 222.500000 -7.600000 0.000000 

