-271.200000 -48.400000 0.000000 -174.600000 -48.400000 0.000000 -78.000000 -48.400000 0.000000 0.200000 -48.400000 0.000000 
-271.200000 -43.400000 0.000000 -112.500000 -25.000000 0.000000 -55.000000 -25.000000 0.000000 2.500000 -25.000000 0.000000 
-271.200000 -38.400000 0.000000 -112.500000 -20.000000 0.000000 -55.000000 -20.000000 0.000000 2.500000 -20.000000 0.000000 
-271.200000 -33.400000 0.000000 -112.500000 -15.000000 0.000000 -55.000000 -15.000000 0.000000 2.500000 -15.000000 0.000000 

0.200000 -48.400000 0.000000 96.800000 -48.400000 0.000000 193.400000 -48.400000 0.000000 290.000000 -48.400000 0.000000 
2.500000 -25.000000 0.000000 60.000000 -25.000000 0.000000 117.500000 -25.000000 0.000000 290.000000 -43.400000 0.000000 
2.500000 -20.000000 0.000000 60.000000 -20.000000 0.000000 117.500000 -20.000000 0.000000 290.000000 -38.400000 0.000000 
2.500000 -15.000000 0.000000 60.000000 -15.000000 0.000000 117.500000 -15.000000 0.000000 290.000000 -33.400000 0.000000 

-271.200000 -33.400000 0.000000 -112.500000 -15.000000 0.000000 -55.000000 -15.000000 0.000000 2.500000 -15.000000 0.000000 
-271.200000 -28.400000 0.000000 -112.500000 -10.000000 0.000000 -55.000000 -10.000000 0.000000 2.500000 -10.000000 0.000000 
-271.200000 -23.400000 0.000000 -112.500000 -5.000000 0.000000 -55.000000 -5.000000 0.000000 2.500000 -5.000000 0.000000 
-271.200000 -18.400000 0.000000 -174.600000 13.800000 0.000000 -78.000000 82.800000 0.000000 0.200000 78.200000 0.000000 

2.500000 -15.000000 0.000000 60.000000 -15.000000 0.000000 117.500000 -15.000000 0.000000 290.000000 -33.400000 0.000000 
2.500000 -10.000000 0.000000 60.000000 -10.000000 0.000000 117.500000 -10.000000 0.000000 290.000000 -28.400000 0.000000 
2.500000 -5.000000 0.000000 60.000000 -5.000000 0.000000 117.500000 -5.000000 0.000000 290.000000 -23.400000 0.000000 
0.200000 78.200000 0.000000 96.800000 82.800000 0.000000 193.400000 13.800000 0.000000 290.000000 -18.400000 0.000000 

