-258.000000 -46.000000 0.000000 -166.500000 -46.000000 0.000000 -75.000000 -46.000000 0.000000 0.500000 -46.000000 0.000000 
-258.000000 -41.000000 0.000000 -112.500000 -25.000000 0.000000 -55.000000 -25.000000 0.000000 2.500000 -25.000000 0.000000 
-258.000000 -36.000000 0.000000 -112.500000 -20.000000 0.000000 -55.000000 -20.000000 0.000000 2.500000 -20.000000 0.000000 
-258.000000 -31.000000 0.000000 -112.500000 -15.000000 0.000000 -55.000000 -15.000000 0.000000 2.500000 -15.000000 0.000000 

0.500000 -46.000000 0.000000 92.000000 -46.000000 0.000000 183.500000 -46.000000 0.000000 275.000000 -46.000000 0.000000 
2.500000 -25.000000 0.000000 60.000000 -25.000000 0.000000 117.500000 -25.000000 0.000000 275.000000 -41.000000 0.000000 
2.500000 -20.000000 0.000000 60.000000 -20.000000 0.000000 117.500000 -20.000000 0.000000 275.000000 -36.000000 0.000000 
2.500000 -15.000000 0.000000 60.000000 -15.000000 0.000000 117.500000 -15.000000 0.000000 275.000000 -31.000000 0.000000 

-258.000000 -31.000000 0.000000 -112.500000 -15.000000 0.000000 -55.000000 -15.000000 0.000000 2.500000 -15.000000 0.000000 
-258.000000 -26.000000 0.000000 -112.500000 -10.000000 0.000000 -55.000000 -10.000000 0.000000 2.500000 -10.000000 0.000000 
-258.000000 -21.000000 0.000000 -112.500000 -5.000000 0.000000 -55.000000 -5.000000 0.000000 2.500000 -5.000000 0.000000 
-258.000000 -16.000000 0.000000 -166.500000 12.000000 0.000000 -75.000000 72.000000 0.000000 0.500000 68.000000 0.000000 

2.500000 -15.000000 0.000000 60.000000 -15.000000 0.000000 117.500000 -15.000000 0.000000 275.000000 -31.000000 0.000000 
2.500000 -10.000000 0.000000 60.000000 -10.000000 0.000000 117.500000 -10.000000 0.000000 275.000000 -26.000000 0.000000 
2.500000 -5.000000 0.000000 60.000000 -5.000000 0.000000 117.500000 -5.000000 0.000000 275.000000 -21.000000 0.000000 
0.500000 68.000000 0.000000 92.000000 72.000000 0.000000 183.500000 12.000000 0.000000 275.000000 -16.000000 0.000000 

