-221.700000 -39.400000 0.000000 -144.225000 -39.400000 0.000000 -66.750000 -39.400000 0.000000 1.325000 -39.400000 0.000000 
-221.700000 -34.400000 0.000000 -112.500000 -25.000000 0.000000 -55.000000 -25.000000 0.000000 2.500000 -25.000000 0.000000 
-221.700000 -29.400000 0.000000 -112.500000 -20.000000 0.000000 -55.000000 -20.000000 0.000000 2.500000 -20.000000 0.000000 
-221.700000 -24.400000 0.000000 -112.500000 -15.000000 0.000000 -55.000000 -15.000000 0.000000 2.500000 -15.000000 0.000000 

1.325000 -39.400000 0.000000 78.800000 -39.400000 0.000000 156.275000 -39.400000 0.000000 233.750000 -39.400000 0.000000 
2.500000 -25.000000 0.000000 60.000000 -25.000000 0.000000 117.500000 -25.000000 0.000000 233.750000 -34.400000 0.000000 
2.500000 -20.000000 0.000000 60.000000 -20.000000 0.000000 117.500000 -20.000000 0.000000 233.750000 -29.400000 0.000000 
2.500000 -15.000000 0.000000 60.000000 -15.000000 0.000000 117.500000 -15.000000 0.000000 233.750000 -24.400000 0.000000 

-221.700000 -24.400000 0.000000 -112.500000 -15.000000 0.000000 -55.000000 -15.000000 0.000000 2.500000 -15.000000 0.000000 
-221.700000 -19.400000 0.000000 -112.500000 -10.000000 0.000000 -55.000000 -10.000000 0.000000 2.500000 -10.000000 0.000000 
-221.700000 -14.400000 0.000000 -112.500000 -5.000000 0.000000 -55.000000 -5.000000 0.000000 2.500000 -5.000000 0.000000 
-221.700000 -9.400000 0.000000 -144.225000 7.050000 0.000000 -66.750000 42.300000 0.000000 1.325000 39.950000 0.000000 

2.500000 -15.000000 0.000000 60.000000 -15.000000 0.000000 117.500000 -15.000000 0.000000 233.750000 -24.400000 0.000000 
2.500000 -10.000000 0.000000 60.000000 -10.000000 0.000000 117.500000 -10.000000 0.000000 233.750000 -19.400000 0.000000 
2.500000 -5.000000 0.000000 60.000000 -5.000000 0.000000 117.500000 -5.000000 0.000000 233.750000 -14.400000 0.000000 
1.325000 39.950000 0.000000 78.800000 42.300000 0.000000 156.275000 7.050000 0.000000 233.750000 -9.400000 0.000000 

