-244.800000 -43.600000 0.000000 -158.400000 -43.600000 0.000000 -72.000000 -43.600000 0.000000 0.800000 -43.600000 0.000000 
-244.800000 -38.600000 0.000000 -112.500000 -25.000000 0.000000 -55.000000 -25.000000 0.000000 2.500000 -25.000000 0.000000 
-244.800000 -33.600000 0.000000 -112.500000 -20.000000 0.000000 -55.000000 -20.000000 0.000000 2.500000 -20.000000 0.000000 
-244.800000 -28.600000 0.000000 -112.500000 -15.000000 0.000000 -55.000000 -15.000000 0.000000 2.500000 -15.000000 0.000000 

0.800000 -43.600000 0.000000 87.200000 -43.600000 0.000000 173.600000 -43.600000 0.000000 260.000000 -43.600000 0.000000 
2.500000 -25.000000 0.000000 60.000000 -25.000000 0.000000 117.500000 -25.000000 0.000000 260.000000 -38.600000 0.000000 
2.500000 -20.000000 0.000000 60.000000 -20.000000 0.000000 117.500000 -20.000000 0.000000 260.000000 -33.600000 0.000000 
2.500000 -15.000000 0.000000 60.000000 -15.000000 0.000000 117.500000 -15.000000 0.000000 260.000000 -28.600000 0.000000 

-244.800000 -28.600000 0.000000 -112.500000 -15.000000 0.000000 -55.000000 -15.000000 0.000000 2.500000 -15.000000 0.000000 
-244.800000 -23.600000 0.000000 -112.500000 -10.000000 0.000000 -55.000000 -10.000000 0.000000 2.500000 -10.000000 0.000000 
-244.800000 -18.600000 0.000000 -112.500000 -5.000000 0.000000 -55.000000 -5.000000 0.000000 2.500000 -5.000000 0.000000 
-244.800000 -13.600000 0.000000 -158.400000 10.200000 0.000000 -72.000000 61.200000 0.000000 0.800000 57.800000 0.000000 

2.500000 -15.000000 0.000000 60.000000 -15.000000 0.000000 117.500000 -15.000000 0.000000 260.000000 -28.600000 0.000000 
2.500000 -10.000000 0.000000 60.000000 -10.000000 0.000000 117.500000 -10.000000 0.000000 260.000000 -23.600000 0.000000 
2.500000 -5.000000 0.000000 60.000000 -5.000000 0.000000 117.500000 -5.000000 0.000000 260.000000 -18.600000 0.000000 
0.800000 57.800000 0.000000 87.200000 61.200000 0.000000 173.600000 10.200000 0.000000 260.000000 -13.600000 0.000000 

