-209.600000 -37.200000 0.000000 -136.800000 -37.200000 0.000000 -64.000000 -37.200000 0.000000 1.600000 -37.200000 0.000000 
-209.600000 -32.200000 0.000000 -112.500000 -25.000000 0.000000 -55.000000 -25.000000 0.000000 2.500000 -25.000000 0.000000 
-209.600000 -27.200000 0.000000 -112.500000 -20.000000 0.000000 -55.000000 -20.000000 0.000000 2.500000 -20.000000 0.000000 
-209.600000 -22.200000 0.000000 -112.500000 -15.000000 0.000000 -55.000000 -15.000000 0.000000 2.500000 -15.000000 0.000000 

1.600000 -37.200000 0.000000 74.400000 -37.200000 0.000000 147.200000 -37.200000 0.000000 220.000000 -37.200000 0.000000 
2.500000 -25.000000 0.000000 60.000000 -25.000000 0.000000 117.500000 -25.000000 0.000000 220.000000 -32.200000 0.000000 
2.500000 -20.000000 0.000000 60.000000 -20.000000 0.000000 117.500000 -20.000000 0.000000 220.000000 -27.200000 0.000000 
2.500000 -15.000000 0.000000 60.000000 -15.000000 0.000000 117.500000 -15.000000 0.000000 220.000000 -22.200000 0.000000 

-209.600000 -22.200000 0.000000 -112.500000 -15.000000 0.000000 -55.000000 -15.000000 0.000000 2.500000 -15.000000 0.000000 
-209.600000 -17.200000 0.000000 -112.500000 -10.000000 0.000000 -55.000000 -10.000000 0.000000 2.500000 -10.000000 0.000000 
-209.600000 -12.200000 0.000000 -112.500000 -5.000000 0.000000 -55.000000 -5.000000 0.000000 2.500000 -5.000000 0.000000 
-209.600000 -7.200000 0.000000 -136.800000 5.400000 0.000000 -64.000000 32.400000 0.000000 1.600000 30.600000 0.000000 

2.500000 -15.000000 0.000000 60.000000 -15.000000 0.000000 117.500000 -15.000000 0.000000 220.000000 -22.200000 0.000000 
2.500000 -10.000000 0.000000 60.000000 -10.000000 0.000000 117.500000 -10.000000 0.000000 220.000000 -17.200000 0.000000 
2.500000 -5.000000 0.000000 60.000000 -5.000000 0.000000 117.500000 -5.000000 0.000000 220.000000 -12.200000 0.000000 
1.600000 30.600000 0.000000 74.400000 32.400000 0.000000 147.200000 5.400000 0.000000 220.000000 -7.200000 0.000000 

