-258.000000 -46.000000 0.000000 -166.500000 -46.000000 0.000000 -75.000000 -46.000000 0.000000 0.500000 -46.000000 0.000000 
-258.000000 -41.000000 0.000000 -134.522390 -36.333333 0.000000 -44.169235 -26.083996 0.000000 12.713314 -27.603431 0.000000 
-258.000000 -36.000000 0.000000 -135.891531 -22.602093 0.000000 -44.169235 -6.417329 0.000000 12.713314 -8.603431 0.000000 
-258.000000 -31.000000 0.000000 -135.891531 -12.935426 0.000000 -54.484908 12.973323 0.000000 9.536352 10.866336 0.000000 

0.500000 -46.000000 0.000000 92.000000 -46.000000 0.000000 183.500000 -46.000000 0.000000 275.000000 -46.000000 0.000000 
12.713314 -27.603431 0.000000 60.775770 -27.072465 0.000000 110.606615 -36.333333 0.000000 275.000000 -41.000000 0.000000 
12.713314 -8.603431 0.000000 60.775770 -7.405798 0.000000 106.895411 -26.012788 0.000000 275.000000 -36.000000 0.000000 
9.536352 10.866336 0.000000 66.325058 14.199279 0.000000 106.895411 -16.346121 0.000000 275.000000 -31.000000 0.000000 

-258.000000 -31.000000 0.000000 -135.891531 -12.935426 0.000000 -54.484908 12.973323 0.000000 9.536352 10.866336 0.000000 
-258.000000 -26.000000 0.000000 -135.891531 -3.268759 0.000000 -57.917857 34.398242 0.000000 -2.047092 30.440838 0.000000 
-258.000000 -21.000000 0.000000 -80.509125 2.154944 0.000000 -64.145832 54.188213 0.000000 -7.995078 50.036547 0.000000 
-258.000000 -16.000000 0.000000 -166.500000 12.000000 0.000000 -75.000000 72.000000 0.000000 0.500000 68.000000 0.000000 

9.536352 10.866336 0.000000 66.325058 14.199279 0.000000 106.895411 -16.346121 0.000000 275.000000 -31.000000 0.000000 
-2.047092 30.440838 0.000000 61.163560 33.110727 0.000000 106.895411 -6.679455 0.000000 275.000000 -26.000000 0.000000 
-7.995078 50.036547 0.000000 73.197948 52.777394 0.000000 112.105020 1.517138 0.000000 275.000000 -21.000000 0.000000 
0.500000 68.000000 0.000000 92.000000 72.000000 0.000000 183.500000 12.000000 0.000000 275.000000 -16.000000 0.000000 

