-261.300000 -46.600000 0.000000 -168.525000 -46.600000 0.000000 -75.750000 -46.600000 0.000000 0.425000 -46.600000 0.000000 
-261.300000 -41.600000 0.000000 -112.500000 -25.000000 0.000000 -55.000000 -25.000000 0.000000 2.500000 -25.000000 0.000000 
-261.300000 -36.600000 0.000000 -112.500000 -20.000000 0.000000 -55.000000 -20.000000 0.000000 2.500000 -20.000000 0.000000 
-261.300000 -31.600000 0.000000 -112.500000 -15.000000 0.000000 -55.000000 -15.000000 0.000000 2.500000 -15.000000 0.000000 

0.425000 -46.600000 0.000000 93.200000 -46.600000 0.000000 185.975000 -46.600000 0.000000 278.750000 -46.600000 0.000000 
2.500000 -25.000000 0.000000 60.000000 -25.000000 0.000000 117.500000 -25.000000 0.000000 278.750000 -41.600000 0.000000 
2.500000 -20.000000 0.000000 60.000000 -20.000000 0.000000 117.500000 -20.000000 0.000000 278.750000 -36.600000 0.000000 
2.500000 -15.000000 0.000000 60.000000 -15.000000 0.000000 117.500000 -15.000000 0.000000 278.750000 -31.600000 0.000000 

-261.300000 -31.600000 0.000000 -112.500000 -15.000000 0.000000 -55.000000 -15.000000 0.000000 2.500000 -15.000000 0.000000 
-261.300000 -26.600000 0.000000 -112.500000 -10.000000 0.000000 -55.000000 -10.000000 0.000000 2.500000 -10.000000 0.000000 
-261.300000 -21.600000 0.000000 -112.500000 -5.000000 0.000000 -55.000000 -5.000000 0.000000 2.500000 -5.000000 0.000000 
-261.300000 -16.600000 0.000000 -168.525000 12.450000 0.000000 -75.750000 74.700000 0.000000 0.425000 70.550000 0.000000 

2.500000 -15.000000 0.000000 60.000000 -15.000000 0.000000 117.500000 -15.000000 0.000000 278.750000 -31.600000 0.000000 
2.500000 -10.000000 0.000000 60.000000 -10.000000 0.000000 117.500000 -10.000000 0.000000 278.750000 -26.600000 0.000000 
2.500000 -5.000000 0.000000 60.000000 -5.000000 0.000000 117.500000 -5.000000 0.000000 278.750000 -21.600000 0.000000 
0.425000 70.550000 0.000000 93.200000 74.700000 0.000000 185.975000 12.450000 0.000000 278.750000 -16.600000 0.000000 

