-264.600000 -47.200000 0.000000 -170.550000 -47.200000 0.000000 -76.500000 -47.200000 0.000000 0.350000 -47.200000 0.000000 
-264.600000 -42.200000 0.000000 -112.500000 -25.000000 0.000000 -55.000000 -25.000000 0.000000 2.500000 -25.000000 0.000000 
-264.600000 -37.200000 0.000000 -112.500000 -20.000000 0.000000 -55.000000 -20.000000 0.000000 2.500000 -20.000000 0.000000 
-264.600000 -32.200000 0.000000 -112.500000 -15.000000 0.000000 -55.000000 -15.000000 0.000000 2.500000 -15.000000 0.000000 

0.350000 -47.200000 0.000000 94.400000 -47.200000 0.000000 188.450000 -47.200000 0.000000 282.500000 -47.200000 0.000000 
2.500000 -25.000000 0.000000 60.000000 -25.000000 0.000000 117.500000 -25.000000 0.000000 282.500000 -42.200000 0.000000 
2.500000 -20.000000 0.000000 60.000000 -20.000000 0.000000 117.500000 -20.000000 0.000000 282.500000 -37.200000 0.000000 
2.500000 -15.000000 0.000000 60.000000 -15.000000 0.000000 117.500000 -15.000000 0.000000 282.500000 -32.200000 0.000000 

-264.600000 -32.200000 0.000000 -112.500000 -15.000000 0.000000 -55.000000 -15.000000 0.000000 2.500000 -15.000000 0.000000 
-264.600000 -27.200000 0.000000 -112.500000 -10.000000 0.000000 -55.000000 -10.000000 0.000000 2.500000 -10.000000 0.000000 
-264.600000 -22.200000 0.000000 -112.500000 -5.000000 0.000000 -55.000000 -5.000000 0.000000 2.500000 -5.000000 0.000000 
-264.600000 -17.200000 0.000000 -170.550000 12.900000 0.000000 -76.500000 77.400000 0.000000 0.350000 73.100000 0.000000 

2.500000 -15.000000 0.000000 60.000000 -15.000000 0.000000 117.500000 -15.000000 0.000000 282.500000 -32.200000 0.000000 
2.500000 -10.000000 0.000000 60.000000 -10.000000 0.000000 117.500000 -10.000000 0.000000 282.500000 -27.200000 0.000000 
2.500000 -5.000000 0.000000 60.000000 -5.000000 0.000000 117.500000 -5.000000 0.000000 282.500000 -22.200000 0.000000 
0.350000 73.100000 0.000000 94.400000 77.400000 0.000000 188.450000 12.900000 0.000000 282.500000 -17.200000 0.000000 

