-188.700000 -33.400000 0.000000 -123.975000 -33.400000 0.000000 -59.250000 -33.400000 0.000000 2.075000 -33.400000 0.000000 
-188.700000 -28.400000 0.000000 -112.500000 -25.000000 0.000000 -55.000000 -25.000000 0.000000 2.500000 -25.000000 0.000000 
-188.700000 -23.400000 0.000000 -112.500000 -20.000000 0.000000 -55.000000 -20.000000 0.000000 2.500000 -20.000000 0.000000 
-188.700000 -18.400000 0.000000 -112.500000 -15.000000 0.000000 -55.000000 -15.000000 0.000000 2.500000 -15.000000 0.000000 

2.075000 -33.400000 0.000000 66.800000 -33.400000 0.000000 131.525000 -33.400000 0.000000 196.250000 -33.400000 0.000000 
2.500000 -25.000000 0.000000 60.000000 -25.000000 0.000000 117.500000 -25.000000 0.000000 196.250000 -28.400000 0.000000 
2.500000 -20.000000 0.000000 60.000000 -20.000000 0.000000 117.500000 -20.000000 0.000000 196.250000 -23.400000 0.000000 
2.500000 -15.000000 0.000000 60.000000 -15.000000 0.000000 117.500000 -15.000000 0.000000 196.250000 -18.400000 0.000000 

-188.700000 -18.400000 0.000000 -112.500000 -15.000000 0.000000 -55.000000 -15.000000 0.000000 2.500000 -15.000000 0.000000 
-188.700000 -13.400000 0.000000 -112.500000 -10.000000 0.000000 -55.000000 -10.000000 0.000000 2.500000 -10.000000 0.000000 
-188.700000 -8.400000 0.000000 -112.500000 -5.000000 0.000000 -55.000000 -5.000000 0.000000 2.500000 -5.000000 0.000000 
-188.700000 -3.400000 0.000000 -123.975000 2.550000 0.000000 -59.250000 15.300000 0.000000 2.075000 14.450000 0.000000 

2.500000 -15.000000 0.000000 60.000000 -15.000000 0.000000 117.500000 -15.000000 0.000000 196.250000 -18.400000 0.000000 
2.500000 -10.000000 0.000000 60.000000 -10.000000 0.000000 117.500000 -10.000000 0.000000 196.250000 -13.400000 0.000000 
2.500000 -5.000000 0.000000 60.000000 -5.000000 0.000000 117.500000 -5.000000 0.000000 196.250000 -8.400000 0.000000 
2.075000 14.450000 0.000000 66.800000 15.300000 0.000000 131.525000 2.550000 0.000000 196.250000 -3.400000 0.000000 

