-173.300000 -30.600000 0.000000 -114.525000 -30.600000 0.000000 -55.750000 -30.600000 0.000000 2.425000 -30.600000 0.000000 
-173.300000 -25.600000 0.000000 -112.500000 -25.000000 0.000000 -55.000000 -25.000000 0.000000 2.500000 -25.000000 0.000000 
-173.300000 -20.600000 0.000000 -112.500000 -20.000000 0.000000 -55.000000 -20.000000 0.000000 2.500000 -20.000000 0.000000 
-173.300000 -15.600000 0.000000 -112.500000 -15.000000 0.000000 -55.000000 -15.000000 0.000000 2.500000 -15.000000 0.000000 

2.425000 -30.600000 0.000000 61.200000 -30.600000 0.000000 119.975000 -30.600000 0.000000 178.750000 -30.600000 0.000000 
2.500000 -25.000000 0.000000 60.000000 -25.000000 0.000000 117.500000 -25.000000 0.000000 178.750000 -25.600000 0.000000 
2.500000 -20.000000 0.000000 60.000000 -20.000000 0.000000 117.500000 -20.000000 0.000000 178.750000 -20.600000 0.000000 
2.500000 -15.000000 0.000000 60.000000 -15.000000 0.000000 117.500000 -15.000000 0.000000 178.750000 -15.600000 0.000000 

-173.300000 -15.600000 0.000000 -112.500000 -15.000000 0.000000 -55.000000 -15.000000 0.000000 2.500000 -15.000000 0.000000 
-173.300000 -10.600000 0.000000 -112.500000 -10.000000 0.000000 -55.000000 -10.000000 0.000000 2.500000 -10.000000 0.000000 
-173.300000 -5.600000 0.000000 -112.500000 -5.000000 0.000000 -55.000000 -5.000000 0.000000 2.500000 -5.000000 0.000000 
-173.300000 -0.600000 0.000000 -114.525000 0.450000 0.000000 -55.750000 2.700000 0.000000 2.425000 2.550000 0.000000 

2.500000 -15.000000 0.000000 60.000000 -15.000000 0.000000 117.500000 -15.000000 0.000000 178.750000 -15.600000 0.000000 
2.500000 -10.000000 0.000000 60.000000 -10.000000 0.000000 117.500000 -10.000000 0.000000 178.750000 -10.600000 0.000000 
2.500000 -5.000000 0.000000 60.000000 -5.000000 0.000000 117.500000 -5.000000 0.000000 178.750000 -5.600000 0.000000 
2.425000 2.550000 0.000000 61.200000 2.700000 0.000000 119.975000 0.450000 0.000000 178.750000 -0.600000 0.000000 

