-233.800000 -41.600000 0.000000 -151.650000 -41.600000 0.000000 -69.500000 -41.600000 0.000000 1.050000 -41.600000 0.000000 
-233.800000 -36.600000 0.000000 -112.500000 -25.000000 0.000000 -55.000000 -25.000000 0.000000 2.500000 -25.000000 0.000000 
-233.800000 -31.600000 0.000000 -112.500000 -20.000000 0.000000 -55.000000 -20.000000 0.000000 2.500000 -20.000000 0.000000 
-233.800000 -26.600000 0.000000 -112.500000 -15.000000 0.000000 -55.000000 -15.000000 0.000000 2.500000 -15.000000 0.000000 

1.050000 -41.600000 0.000000 83.200000 -41.600000 0.000000 165.350000 -41.600000 0.000000 247.500000 -41.600000 0.000000 
2.500000 -25.000000 0.000000 60.000000 -25.000000 0.000000 117.500000 -25.000000 0.000000 247.500000 -36.600000 0.000000 
2.500000 -20.000000 0.000000 60.000000 -20.000000 0.000000 117.500000 -20.000000 0.000000 247.500000 -31.600000 0.000000 
2.500000 -15.000000 0.000000 60.000000 -15.000000 0.000000 117.500000 -15.000000 0.000000 247.500000 -26.600000 0.000000 

-233.800000 -26.600000 0.000000 -112.500000 -15.000000 0.000000 -55.000000 -15.000000 0.000000 2.500000 -15.000000 0.000000 
-233.800000 -21.600000 0.000000 -112.500000 -10.000000 0.000000 -55.000000 -10.000000 0.000000 2.500000 -10.000000 0.000000 
-233.800000 -16.600000 0.000000 -112.500000 -5.000000 0.000000 -55.000000 -5.000000 0.000000 2.500000 -5.000000 0.000000 
-233.800000 -11.600000 0.000000 -151.650000 8.700000 0.000000 -69.500000 52.200000 0.000000 1.050000 49.300000 0.000000 

2.500000 -15.000000 0.000000 60.000000 -15.000000 0.000000 117.500000 -15.000000 0.000000 247.500000 -26.600000 0.000000 
2.500000 -10.000000 0.000000 60.000000 -10.000000 0.000000 117.500000 -10.000000 0.000000 247.500000 -21.600000 0.000000 
2.500000 -5.000000 0.000000 60.000000 -5.000000 0.000000 117.500000 -5.000000 0.000000 247.500000 -16.600000 0.000000 
1.050000 49.300000 0.000000 83.200000 52.200000 0.000000 165.350000 8.700000 0.000000 247.500000 -11.600000 0.000000 

