-212.900000 -37.800000 0.000000 -138.825000 -37.800000 0.000000 -64.750000 -37.800000 0.000000 1.525000 -37.800000 0.000000 
-212.900000 -32.800000 0.000000 -112.500000 -25.000000 0.000000 -55.000000 -25.000000 0.000000 2.500000 -25.000000 0.000000 
-212.900000 -27.800000 0.000000 -112.500000 -20.000000 0.000000 -55.000000 -20.000000 0.000000 2.500000 -20.000000 0.000000 
-212.900000 -22.800000 0.000000 -112.500000 -15.000000 0.000000 -55.000000 -15.000000 0.000000 2.500000 -15.000000 0.000000 

1.525000 -37.800000 0.000000 75.600000 -37.800000 0.000000 149.675000 -37.800000 0.000000 223.750000 -37.800000 0.000000 
2.500000 -25.000000 0.000000 60.000000 -25.000000 0.000000 117.500000 -25.000000 0.000000 223.750000 -32.800000 0.000000 
2.500000 -20.000000 0.000000 60.000000 -20.000000 0.000000 117.500000 -20.000000 0.000000 223.750000 -27.800000 0.000000 
2.500000 -15.000000 0.000000 60.000000 -15.000000 0.000000 117.500000 -15.000000 0.000000 223.750000 -22.800000 0.000000 

-212.900000 -22.800000 0.000000 -112.500000 -15.000000 0.000000 -55.000000 -15.000000 0.000000 2.500000 -15.000000 0.000000 
-212.900000 -17.800000 0.000000 -112.500000 -10.000000 0.000000 -55.000000 -10.000000 0.000000 2.500000 -10.000000 0.000000 
-212.900000 -12.800000 0.000000 -112.500000 -5.000000 0.000000 -55.000000 -5.000000 0.000000 2.500000 -5.000000 0.000000 
-212.900000 -7.800000 0.000000 -138.825000 5.850000 0.000000 -64.750000 35.100000 0.000000 1.525000 33.150000 0.000000 

2.500000 -15.000000 0.000000 60.000000 -15.000000 0.000000 117.500000 -15.000000 0.000000 223.750000 -22.800000 0.000000 
2.500000 -10.000000 0.000000 60.000000 -10.000000 0.000000 117.500000 -10.000000 0.000000 223.750000 -17.800000 0.000000 
2.500000 -5.000000 0.000000 60.000000 -5.000000 0.000000 117.500000 -5.000000 0.000000 223.750000 -12.800000 0.000000 
1.525000 33.150000 0.000000 75.600000 35.100000 0.000000 149.675000 5.850000 0.000000 223.750000 -7.800000 0.000000 

