-274.500000 -49.000000 0.000000 -176.625000 -49.000000 0.000000 -78.750000 -49.000000 0.000000 0.125000 -49.000000 0.000000 
-274.500000 -44.000000 0.000000 -112.500000 -25.000000 0.000000 -55.000000 -25.000000 0.000000 2.500000 -25.000000 0.000000 
-274.500000 -39.000000 0.000000 -112.500000 -20.000000 0.000000 -55.000000 -20.000000 0.000000 2.500000 -20.000000 0.000000 
-274.500000 -34.000000 0.000000 -112.500000 -15.000000 0.000000 -55.000000 -15.000000 0.000000 2.500000 -15.000000 0.000000 

0.125000 -49.000000 0.000000 98.000000 -49.000000 0.000000 195.875000 -49.000000 0.000000 293.750000 -49.000000 0.000000 
2.500000 -25.000000 0.000000 60.000000 -25.000000 0.000000 117.500000 -25.000000 0.000000 293.750000 -44.000000 0.000000 
2.500000 -20.000000 0.000000 60.000000 -20.000000 0.000000 117.500000 -20.000000 0.000000 293.750000 -39.000000 0.000000 
2.500000 -15.000000 0.000000 60.000000 -15.000000 0.000000 117.500000 -15.000000 0.000000 293.750000 -34.000000 0.000000 

-274.500000 -34.000000 0.000000 -112.500000 -15.000000 0.000000 -55.000000 -15.000000 0.000000 2.500000 -15.000000 0.000000 
-274.500000 -29.000000 0.000000 -112.500000 -10.000000 0.000000 -55.000000 -10.000000 0.000000 2.500000 -10.000000 0.000000 
-274.500000 -24.000000 0.000000 -112.500000 -5.000000 0.000000 -55.000000 -5.000000 0.000000 2.500000 -5.000000 0.000000 
-274.500000 -19.000000 0.000000 -176.625000 14.250000 0.000000 -78.750000 85.500000 0.000000 0.125000 80.750000 0.000000 

2.500000 -15.000000 0.000000 60.000000 -15.000000 0.000000 117.500000 -15.000000 0.000000 293.750000 -34.000000 0.000000 
2.500000 -10.000000 0.000000 60.000000 -10.000000 0.000000 117.500000 -10.000000 0.000000 293.750000 -29.000000 0.000000 
2.500000 -5.000000 0.000000 60.000000 -5.000000 0.000000 117.500000 -5.000000 0.000000 293.750000 -24.000000 0.000000 
0.125000 80.750000 0.000000 98.000000 85.500000 0.000000 195.875000 14.250000 0.000000 293.750000 -19.000000 0.000000 

