-267.900000 -47.800000 0.000000 -172.575000 -47.800000 0.000000 -77.250000 -47.800000 0.000000 0.275000 -47.800000 0.000000 
-267.900000 -42.800000 0.000000 -112.500000 -25.000000 0.000000 -55.000000 -25.000000 0.000000 2.500000 -25.000000 0.000000 
-267.900000 -37.800000 0.000000 -112.500000 -20.000000 0.000000 -55.000000 -20.000000 0.000000 2.500000 -20.000000 0.000000 
-267.900000 -32.800000 0.000000 -112.500000 -15.000000 0.000000 -55.000000 -15.000000 0.000000 2.500000 -15.000000 0.000000 

0.275000 -47.800000 0.000000 95.600000 -47.800000 0.000000 190.925000 -47.800000 0.000000 286.250000 -47.800000 0.000000 
2.500000 -25.000000 0.000000 60.000000 -25.000000 0.000000 117.500000 -25.000000 0.000000 286.250000 -42.800000 0.000000 
2.500000 -20.000000 0.000000 60.000000 -20.000000 0.000000 117.500000 -20.000000 0.000000 286.250000 -37.800000 0.000000 
2.500000 -15.000000 0.000000 60.000000 -15.000000 0.000000 117.500000 -15.000000 0.000000 286.250000 -32.800000 0.000000 

-267.900000 -32.800000 0.000000 -112.500000 -15.000000 0.000000 -55.000000 -15.000000 0.000000 2.500000 -15.000000 0.000000 
-267.900000 -27.800000 0.000000 -112.500000 -10.000000 0.000000 -55.000000 -10.000000 0.000000 2.500000 -10.000000 0.000000 
-267.900000 -22.800000 0.000000 -112.500000 -5.000000 0.000000 -55.000000 -5.000000 0.000000 2.500000 -5.000000 0.000000 
-267.900000 -17.800000 0.000000 -172.575000 13.350000 0.000000 -77.250000 80.100000 0.000000 0.275000 75.650000 0.000000 

2.500000 -15.000000 0.000000 60.000000 -15.000000 0.000000 117.500000 -15.000000 0.000000 286.250000 -32.800000 0.000000 
2.500000 -10.000000 0.000000 60.000000 -10.000000 0.000000 117.500000 -10.000000 0.000000 286.250000 -27.800000 0.000000 
2.500000 -5.000000 0.000000 60.000000 -5.000000 0.000000 117.500000 -5.000000 0.000000 286.250000 -22.800000 0.000000 
0.275000 75.650000 0.000000 95.600000 80.100000 0.000000 190.925000 13.350000 0.000000 286.250000 -17.800000 0.000000 

