-269.000000 -48.000000 0.000000 -173.250000 -48.000000 0.000000 -77.500000 -48.000000 0.000000 0.250000 -48.000000 0.000000 
-269.000000 -43.000000 0.000000 -112.500000 -25.000000 0.000000 -55.000000 -25.000000 0.000000 2.500000 -25.000000 0.000000 
-269.000000 -38.000000 0.000000 -112.500000 -20.000000 0.000000 -55.000000 -20.000000 0.000000 2.500000 -20.000000 0.000000 
-269.000000 -33.000000 0.000000 -112.500000 -15.000000 0.000000 -55.000000 -15.000000 0.000000 2.500000 -15.000000 0.000000 

0.250000 -48.000000 0.000000 96.000000 -48.000000 0.000000 191.750000 -48.000000 0.000000 287.500000 -48.000000 0.000000 
2.500000 -25.000000 0.000000 60.000000 -25.000000 0.000000 117.500000 -25.000000 0.000000 287.500000 -43.000000 0.000000 
2.500000 -20.000000 0.000000 60.000000 -20.000000 0.000000 117.500000 -20.000000 0.000000 287.500000 -38.000000 0.000000 
2.500000 -15.000000 0.000000 60.000000 -15.000000 0.000000 117.500000 -15.000000 0.000000 287.500000 -33.000000 0.000000 

-269.000000 -33.000000 0.000000 -112.500000 -15.000000 0.000000 -55.000000 -15.000000 0.000000 2.500000 -15.000000 0.000000 
-269.000000 -28.000000 0.000000 -112.500000 -10.000000 0.000000 -55.000000 -10.000000 0.000000 2.500000 -10.000000 0.000000 
-269.000000 -23.000000 0.000000 -112.500000 -5.000000 0.000000 -55.000000 -5.000000 0.000000 2.500000 -5.000000 0.000000 
-269.000000 -18.000000 0.000000 -173.250000 13.500000 0.000000 -77.500000 81.000000 0.000000 0.250000 76.500000 0.000000 

2.500000 -15.000000 0.000000 60.000000 -15.000000 0.000000 117.500000 -15.000000 0.000000 287.500000 -33.000000 0.000000 
2.500000 -10.000000 0.000000 60.000000 -10.000000 0.000000 117.500000 -10.000000 0.000000 287.500000 -28.000000 0.000000 
2.500000 -5.000000 0.000000 60.000000 -5.000000 0.000000 117.500000 -5.000000 0.000000 287.500000 -23.000000 0.000000 
0.250000 76.500000 0.000000 96.000000 81.000000 0.000000 191.750000 13.500000 0.000000 287.500000 -18.000000 0.000000 

