-239.300000 -42.600000 0.000000 -155.025000 -42.600000 0.000000 -70.750000 -42.600000 0.000000 0.925000 -42.600000 0.000000 
-239.300000 -37.600000 0.000000 -112.500000 -25.000000 0.000000 -55.000000 -25.000000 0.000000 2.500000 -25.000000 0.000000 
-239.300000 -32.600000 0.000000 -112.500000 -20.000000 0.000000 -55.000000 -20.000000 0.000000 2.500000 -20.000000 0.000000 
-239.300000 -27.600000 0.000000 -112.500000 -15.000000 0.000000 -55.000000 -15.000000 0.000000 2.500000 -15.000000 0.000000 

0.925000 -42.600000 0.000000 85.200000 -42.600000 0.000000 169.475000 -42.600000 0.000000 253.750000 -42.600000 0.000000 
2.500000 -25.000000 0.000000 60.000000 -25.000000 0.000000 117.500000 -25.000000 0.000000 253.750000 -37.600000 0.000000 
2.500000 -20.000000 0.000000 60.000000 -20.000000 0.000000 117.500000 -20.000000 0.000000 253.750000 -32.600000 0.000000 
2.500000 -15.000000 0.000000 60.000000 -15.000000 0.000000 117.500000 -15.000000 0.000000 253.750000 -27.600000 0.000000 

-239.300000 -27.600000 0.000000 -112.500000 -15.000000 0.000000 -55.000000 -15.000000 0.000000 2.500000 -15.000000 0.000000 
-239.300000 -22.600000 0.000000 -112.500000 -10.000000 0.000000 -55.000000 -10.000000 0.000000 2.500000 -10.000000 0.000000 
-239.300000 -17.600000 0.000000 -112.500000 -5.000000 0.000000 -55.000000 -5.000000 0.000000 2.500000 -5.000000 0.000000 
-239.300000 -12.600000 0.000000 -155.025000 9.450000 0.000000 -70.750000 56.700000 0.000000 0.925000 53.550000 0.000000 

2.500000 -15.000000 0.000000 60.000000 -15.000000 0.000000 117.500000 -15.000000 0.000000 253.750000 -27.600000 0.000000 
2.500000 -10.000000 0.000000 60.000000 -10.000000 0.000000 117.500000 -10.000000 0.000000 253.750000 -22.600000 0.000000 
2.500000 -5.000000 0.000000 60.000000 -5.000000 0.000000 117.500000 -5.000000 0.000000 253.750000 -17.600000 0.000000 
0.925000 53.550000 0.000000 85.200000 56.700000 0.000000 169.475000 9.450000 0.000000 253.750000 -12.600000 0.000000 

