-198.600000 -35.200000 0.000000 -130.050000 -35.200000 0.000000 -61.500000 -35.200000 0.000000 1.850000 -35.200000 0.000000 
-198.600000 -30.200000 0.000000 -112.500000 -25.000000 0.000000 -55.000000 -25.000000 0.000000 2.500000 -25.000000 0.000000 
-198.600000 -25.200000 0.000000 -112.500000 -20.000000 0.000000 -55.000000 -20.000000 0.000000 2.500000 -20.000000 0.000000 
-198.600000 -20.200000 0.000000 -112.500000 -15.000000 0.000000 -55.000000 -15.000000 0.000000 2.500000 -15.000000 0.000000 

1.850000 -35.200000 0.000000 70.400000 -35.200000 0.000000 138.950000 -35.200000 0.000000 207.500000 -35.200000 0.000000 
2.500000 -25.000000 0.000000 60.000000 -25.000000 0.000000 117.500000 -25.000000 0.000000 207.500000 -30.200000 0.000000 
2.500000 -20.000000 0.000000 60.000000 -20.000000 0.000000 117.500000 -20.000000 0.000000 207.500000 -25.200000 0.000000 
2.500000 -15.000000 0.000000 60.000000 -15.000000 0.000000 117.500000 -15.000000 0.000000 207.500000 -20.200000 0.000000 

-198.600000 -20.200000 0.000000 -112.500000 -15.000000 0.000000 -55.000000 -15.000000 0.000000 2.500000 -15.000000 0.000000 
-198.600000 -15.200000 0.000000 -112.500000 -10.000000 0.000000 -55.000000 -10.000000 0.000000 2.500000 -10.000000 0.000000 
-198.600000 -10.200000 0.000000 -112.500000 -5.000000 0.000000 -55.000000 -5.000000 0.000000 2.500000 -5.000000 0.000000 
-198.600000 -5.200000 0.000000 -130.050000 3.900000 0.000000 -61.500000 23.400000 0.000000 1.850000 22.100000 0.000000 

2.500000 -15.000000 0.000000 60.000000 -15.000000 0.000000 117.500000 -15.000000 0.000000 207.500000 -20.200000 0.000000 
2.500000 -10.000000 0.000000 60.000000 -10.000000 0.000000 117.500000 -10.000000 0.000000 207.500000 -15.200000 0.000000 
2.500000 -5.000000 0.000000 60.000000 -5.000000 0.000000 117.500000 -5.000000 0.000000 207.500000 -10.200000 0.000000 
1.850000 22.100000 0.000000 70.400000 23.400000 0.000000 138.950000 3.900000 0.000000 207.500000 -5.200000 0.000000 

