-196.400000 -34.800000 0.000000 -128.700000 -34.800000 0.000000 -61.000000 -34.800000 0.000000 1.900000 -34.800000 0.000000 
-196.400000 -29.800000 0.000000 -112.500000 -25.000000 0.000000 -55.000000 -25.000000 0.000000 2.500000 -25.000000 0.000000 
-196.400000 -24.800000 0.000000 -112.500000 -20.000000 0.000000 -55.000000 -20.000000 0.000000 2.500000 -20.000000 0.000000 
-196.400000 -19.800000 0.000000 -112.500000 -15.000000 0.000000 -55.000000 -15.000000 0.000000 2.500000 -15.000000 0.000000 

1.900000 -34.800000 0.000000 69.600000 -34.800000 0.000000 137.300000 -34.800000 0.000000 205.000000 -34.800000 0.000000 
2.500000 -25.000000 0.000000 60.000000 -25.000000 0.000000 117.500000 -25.000000 0.000000 205.000000 -29.800000 0.000000 
2.500000 -20.000000 0.000000 60.000000 -20.000000 0.000000 117.500000 -20.000000 0.000000 205.000000 -24.800000 0.000000 
2.500000 -15.000000 0.000000 60.000000 -15.000000 0.000000 117.500000 -15.000000 0.000000 205.000000 -19.800000 0.000000 

-196.400000 -19.800000 0.000000 -112.500000 -15.000000 0.000000 -55.000000 -15.000000 0.000000 2.500000 -15.000000 0.000000 
-196.400000 -14.800000 0.000000 -112.500000 -10.000000 0.000000 -55.000000 -10.000000 0.000000 2.500000 -10.000000 0.000000 
-196.400000 -9.800000 0.000000 -112.500000 -5.000000 0.000000 -55.000000 -5.000000 0.000000 2.500000 -5.000000 0.000000 
-196.400000 -4.800000 0.000000 -128.700000 3.600000 0.000000 -61.000000 21.600000 0.000000 1.900000 20.400000 0.000000 

2.500000 -15.000000 0.000000 60.000000 -15.000000 0.000000 117.500000 -15.000000 0.000000 205.000000 -19.800000 0.000000 
2.500000 -10.000000 0.000000 60.000000 -10.000000 0.000000 117.500000 -10.000000 0.000000 205.000000 -14.800000 0.000000 
2.500000 -5.000000 0.000000 60.000000 -5.000000 0.000000 117.500000 -5.000000 0.000000 205.000000 -9.800000 0.000000 
1.900000 20.400000 0.000000 69.600000 21.600000 0.000000 137.300000 3.600000 0.000000 205.000000 -4.800000 0.000000 

