-223.900000 -39.800000 0.000000 -145.575000 -39.800000 0.000000 -67.250000 -39.800000 0.000000 1.275000 -39.800000 0.000000 
-223.900000 -34.800000 0.000000 -112.500000 -25.000000 0.000000 -55.000000 -25.000000 0.000000 2.500000 -25.000000 0.000000 
-223.900000 -29.800000 0.000000 -112.500000 -20.000000 0.000000 -55.000000 -20.000000 0.000000 2.500000 -20.000000 0.000000 
-223.900000 -24.800000 0.000000 -112.500000 -15.000000 0.000000 -55.000000 -15.000000 0.000000 2.500000 -15.000000 0.000000 

1.275000 -39.800000 0.000000 79.600000 -39.800000 0.000000 157.925000 -39.800000 0.000000 236.250000 -39.800000 0.000000 
2.500000 -25.000000 0.000000 60.000000 -25.000000 0.000000 117.500000 -25.000000 0.000000 236.250000 -34.800000 0.000000 
2.500000 -20.000000 0.000000 60.000000 -20.000000 0.000000 117.500000 -20.000000 0.000000 236.250000 -29.800000 0.000000 
2.500000 -15.000000 0.000000 60.000000 -15.000000 0.000000 117.500000 -15.000000 0.000000 236.250000 -24.800000 0.000000 

-223.900000 -24.800000 0.000000 -112.500000 -15.000000 0.000000 -55.000000 -15.000000 0.000000 2.500000 -15.000000 0.000000 
-223.900000 -19.800000 0.000000 -112.500000 -10.000000 0.000000 -55.000000 -10.000000 0.000000 2.500000 -10.000000 0.000000 
-223.900000 -14.800000 0.000000 -112.500000 -5.000000 0.000000 -55.000000 -5.000000 0.000000 2.500000 -5.000000 0.000000 
-223.900000 -9.800000 0.000000 -145.575000 7.350000 0.000000 -67.250000 44.100000 0.000000 1.275000 41.650000 0.000000 

2.500000 -15.000000 0.000000 60.000000 -15.000000 0.000000 117.500000 -15.000000 0.000000 236.250000 -24.800000 0.000000 
2.500000 -10.000000 0.000000 60.000000 -10.000000 0.000000 117.500000 -10.000000 0.000000 236.250000 -19.800000 0.000000 
2.500000 -5.000000 0.000000 60.000000 -5.000000 0.000000 117.500000 -5.000000 0.000000 236.250000 -14.800000 0.000000 
1.275000 41.650000 0.000000 79.600000 44.100000 0.000000 157.925000 7.350000 0.000000 236.250000 -9.800000 0.000000 

