-220.600000 -39.200000 0.000000 -143.550000 -39.200000 0.000000 -66.500000 -39.200000 0.000000 1.350000 -39.200000 0.000000 
-220.600000 -34.200000 0.000000 -112.500000 -25.000000 0.000000 -55.000000 -25.000000 0.000000 2.500000 -25.000000 0.000000 
-220.600000 -29.200000 0.000000 -112.500000 -20.000000 0.000000 -55.000000 -20.000000 0.000000 2.500000 -20.000000 0.000000 
-220.600000 -24.200000 0.000000 -112.500000 -15.000000 0.000000 -55.000000 -15.000000 0.000000 2.500000 -15.000000 0.000000 

1.350000 -39.200000 0.000000 78.400000 -39.200000 0.000000 155.450000 -39.200000 0.000000 232.500000 -39.200000 0.000000 
2.500000 -25.000000 0.000000 60.000000 -25.000000 0.000000 117.500000 -25.000000 0.000000 232.500000 -34.200000 0.000000 
2.500000 -20.000000 0.000000 60.000000 -20.000000 0.000000 117.500000 -20.000000 0.000000 232.500000 -29.200000 0.000000 
2.500000 -15.000000 0.000000 60.000000 -15.000000 0.000000 117.500000 -15.000000 0.000000 232.500000 -24.200000 0.000000 

-220.600000 -24.200000 0.000000 -112.500000 -15.000000 0.000000 -55.000000 -15.000000 0.000000 2.500000 -15.000000 0.000000 
-220.600000 -19.200000 0.000000 -112.500000 -10.000000 0.000000 -55.000000 -10.000000 0.000000 2.500000 -10.000000 0.000000 
-220.600000 -14.200000 0.000000 -112.500000 -5.000000 0.000000 -55.000000 -5.000000 0.000000 2.500000 -5.000000 0.000000 
-220.600000 -9.200000 0.000000 -143.550000 6.900000 0.000000 -66.500000 41.400000 0.000000 1.350000 39.100000 0.000000 

2.500000 -15.000000 0.000000 60.000000 -15.000000 0.000000 117.500000 -15.000000 0.000000 232.500000 -24.200000 0.000000 
2.500000 -10.000000 0.000000 60.000000 -10.000000 0.000000 117.500000 -10.000000 0.000000 232.500000 -19.200000 0.000000 
2.500000 -5.000000 0.000000 60.000000 -5.000000 0.000000 117.500000 -5.000000 0.000000 232.500000 -14.200000 0.000000 
1.350000 39.100000 0.000000 78.400000 41.400000 0.000000 155.450000 6.900000 0.000000 232.500000 -9.200000 0.000000 

