-183.200000 -32.400000 0.000000 -120.600000 -32.400000 0.000000 -58.000000 -32.400000 0.000000 2.200000 -32.400000 0.000000 
-183.200000 -27.400000 0.000000 -112.500000 -25.000000 0.000000 -55.000000 -25.000000 0.000000 2.500000 -25.000000 0.000000 
-183.200000 -22.400000 0.000000 -112.500000 -20.000000 0.000000 -55.000000 -20.000000 0.000000 2.500000 -20.000000 0.000000 
-183.200000 -17.400000 0.000000 -112.500000 -15.000000 0.000000 -55.000000 -15.000000 0.000000 2.500000 -15.000000 0.000000 

2.200000 -32.400000 0.000000 64.800000 -32.400000 0.000000 127.400000 -32.400000 0.000000 190.000000 -32.400000 0.000000 
2.500000 -25.000000 0.000000 60.000000 -25.000000 0.000000 117.500000 -25.000000 0.000000 190.000000 -27.400000 0.000000 
2.500000 -20.000000 0.000000 60.000000 -20.000000 0.000000 117.500000 -20.000000 0.000000 190.000000 -22.400000 0.000000 
2.500000 -15.000000 0.000000 60.000000 -15.000000 0.000000 117.500000 -15.000000 0.000000 190.000000 -17.400000 0.000000 

-183.200000 -17.400000 0.000000 -112.500000 -15.000000 0.000000 -55.000000 -15.000000 0.000000 2.500000 -15.000000 0.000000 
-183.200000 -12.400000 0.000000 -112.500000 -10.000000 0.000000 -55.000000 -10.000000 0.000000 2.500000 -10.000000 0.000000 
-183.200000 -7.400000 0.000000 -112.500000 -5.000000 0.000000 -55.000000 -5.000000 0.000000 2.500000 -5.000000 0.000000 
-183.200000 -2.400000 0.000000 -120.600000 1.800000 0.000000 -58.000000 10.800000 0.000000 2.200000 10.200000 0.000000 

2.500000 -15.000000 0.000000 60.000000 -15.000000 0.000000 117.500000 -15.000000 0.000000 190.000000 -17.400000 0.000000 
2.500000 -10.000000 0.000000 60.000000 -10.000000 0.000000 117.500000 -10.000000 0.000000 190.000000 -12.400000 0.000000 
2.500000 -5.000000 0.000000 60.000000 -5.000000 0.000000 117.500000 -5.000000 0.000000 190.000000 -7.400000 0.000000 
2.200000 10.200000 0.000000 64.800000 10.800000 0.000000 127.400000 1.800000 0.000000 190.000000 -2.400000 0.000000 

