-249.200000 -44.400000 0.000000 -161.100000 -44.400000 0.000000 -73.000000 -44.400000 0.000000 0.700000 -44.400000 0.000000 
-249.200000 -39.400000 0.000000 -112.500000 -25.000000 0.000000 -55.000000 -25.000000 0.000000 2.500000 -25.000000 0.000000 
-249.200000 -34.400000 0.000000 -112.500000 -20.000000 0.000000 -55.000000 -20.000000 0.000000 2.500000 -20.000000 0.000000 
-249.200000 -29.400000 0.000000 -112.500000 -15.000000 0.000000 -55.000000 -15.000000 0.000000 2.500000 -15.000000 0.000000 

0.700000 -44.400000 0.000000 88.800000 -44.400000 0.000000 176.900000 -44.400000 0.000000 265.000000 -44.400000 0.000000 
2.500000 -25.000000 0.000000 60.000000 -25.000000 0.000000 117.500000 -25.000000 0.000000 265.000000 -39.400000 0.000000 
2.500000 -20.000000 0.000000 60.000000 -20.000000 0.000000 117.500000 -20.000000 0.000000 265.000000 -34.400000 0.000000 
2.500000 -15.000000 0.000000 60.000000 -15.000000 0.000000 117.500000 -15.000000 0.000000 265.000000 -29.400000 0.000000 

-249.200000 -29.400000 0.000000 -112.500000 -15.000000 0.000000 -55.000000 -15.000000 0.000000 2.500000 -15.000000 0.000000 
-249.200000 -24.400000 0.000000 -112.500000 -10.000000 0.000000 -55.000000 -10.000000 0.000000 2.500000 -10.000000 0.000000 
-249.200000 -19.400000 0.000000 -112.500000 -5.000000 0.000000 -55.000000 -5.000000 0.000000 2.500000 -5.000000 0.000000 
-249.200000 -14.400000 0.000000 -161.100000 10.800000 0.000000 -73.000000 64.800000 0.000000 0.700000 61.200000 0.000000 

2.500000 -15.000000 0.000000 60.000000 -15.000000 0.000000 117.500000 -15.000000 0.000000 265.000000 -29.400000 0.000000 
2.500000 -10.000000 0.000000 60.000000 -10.000000 0.000000 117.500000 -10.000000 0.000000 265.000000 -24.400000 0.000000 
2.500000 -5.000000 0.000000 60.000000 -5.000000 0.000000 117.500000 -5.000000 0.000000 265.000000 -19.400000 0.000000 
0.700000 61.200000 0.000000 88.800000 64.800000 0.000000 176.900000 10.800000 0.000000 265.000000 -14.400000 0.000000 

