-255.800000 -45.600000 0.000000 -165.150000 -45.600000 0.000000 -74.500000 -45.600000 0.000000 0.550000 -45.600000 0.000000 
-255.800000 -40.600000 0.000000 -112.500000 -25.000000 0.000000 -55.000000 -25.000000 0.000000 2.500000 -25.000000 0.000000 
-255.800000 -35.600000 0.000000 -112.500000 -20.000000 0.000000 -55.000000 -20.000000 0.000000 2.500000 -20.000000 0.000000 
-255.800000 -30.600000 0.000000 -112.500000 -15.000000 0.000000 -55.000000 -15.000000 0.000000 2.500000 -15.000000 0.000000 

0.550000 -45.600000 0.000000 91.200000 -45.600000 0.000000 181.850000 -45.600000 0.000000 272.500000 -45.600000 0.000000 
2.500000 -25.000000 0.000000 60.000000 -25.000000 0.000000 117.500000 -25.000000 0.000000 272.500000 -40.600000 0.000000 
2.500000 -20.000000 0.000000 60.000000 -20.000000 0.000000 117.500000 -20.000000 0.000000 272.500000 -35.600000 0.000000 
2.500000 -15.000000 0.000000 60.000000 -15.000000 0.000000 117.500000 -15.000000 0.000000 272.500000 -30.600000 0.000000 

-255.800000 -30.600000 0.000000 -112.500000 -15.000000 0.000000 -55.000000 -15.000000 0.000000 2.500000 -15.000000 0.000000 
-255.800000 -25.600000 0.000000 -112.500000 -10.000000 0.000000 -55.000000 -10.000000 0.000000 2.500000 -10.000000 0.000000 
-255.800000 -20.600000 0.000000 -112.500000 -5.000000 0.000000 -55.000000 -5.000000 0.000000 2.500000 -5.000000 0.000000 
-255.800000 -15.600000 0.000000 -165.150000 11.700000 0.000000 -74.500000 70.200000 0.000000 0.550000 66.300000 0.000000 

2.500000 -15.000000 0.000000 60.000000 -15.000000 0.000000 117.500000 -15.000000 0.000000 272.500000 -30.600000 0.000000 
2.500000 -10.000000 0.000000 60.000000 -10.000000 0.000000 117.500000 -10.000000 0.000000 272.500000 -25.600000 0.000000 
2.500000 -5.000000 0.000000 60.000000 -5.000000 0.000000 117.500000 -5.000000 0.000000 272.500000 -20.600000 0.000000 
0.550000 66.300000 0.000000 91.200000 70.200000 0.000000 181.850000 11.700000 0.000000 272.500000 -15.600000 0.000000 

