-241.500000 -43.000000 0.000000 -156.375000 -43.000000 0.000000 -71.250000 -43.000000 0.000000 0.875000 -43.000000 0.000000 
-241.500000 -38.000000 0.000000 -112.500000 -25.000000 0.000000 -55.000000 -25.000000 0.000000 2.500000 -25.000000 0.000000 
-241.500000 -33.000000 0.000000 -112.500000 -20.000000 0.000000 -55.000000 -20.000000 0.000000 2.500000 -20.000000 0.000000 
-241.500000 -28.000000 0.000000 -112.500000 -15.000000 0.000000 -55.000000 -15.000000 0.000000 2.500000 -15.000000 0.000000 

0.875000 -43.000000 0.000000 86.000000 -43.000000 0.000000 171.125000 -43.000000 0.000000 256.250000 -43.000000 0.000000 
2.500000 -25.000000 0.000000 60.000000 -25.000000 0.000000 117.500000 -25.000000 0.000000 256.250000 -38.000000 0.000000 
2.500000 -20.000000 0.000000 60.000000 -20.000000 0.000000 117.500000 -20.000000 0.000000 256.250000 -33.000000 0.000000 
2.500000 -15.000000 0.000000 60.000000 -15.000000 0.000000 117.500000 -15.000000 0.000000 256.250000 -28.000000 0.000000 

-241.500000 -28.000000 0.000000 -112.500000 -15.000000 0.000000 -55.000000 -15.000000 0.000000 2.500000 -15.000000 0.000000 
-241.500000 -23.000000 0.000000 -112.500000 -10.000000 0.000000 -55.000000 -10.000000 0.000000 2.500000 -10.000000 0.000000 
-241.500000 -18.000000 0.000000 -112.500000 -5.000000 0.000000 -55.000000 -5.000000 0.000000 2.500000 -5.000000 0.000000 
-241.500000 -13.000000 0.000000 -156.375000 9.750000 0.000000 -71.250000 58.500000 0.000000 0.875000 55.250000 0.000000 

2.500000 -15.000000 0.000000 60.000000 -15.000000 0.000000 117.500000 -15.000000 0.000000 256.250000 -28.000000 0.000000 
2.500000 -10.000000 0.000000 60.000000 -10.000000 0.000000 117.500000 -10.000000 0.000000 256.250000 -23.000000 0.000000 
2.500000 -5.000000 0.000000 60.000000 -5.000000 0.000000 117.500000 -5.000000 0.000000 256.250000 -18.000000 0.000000 
0.875000 55.250000 0.000000 86.000000 58.500000 0.000000 171.125000 9.750000 0.000000 256.250000 -13.000000 0.000000 

