-266.800000 -47.600000 0.000000 -171.900000 -47.600000 0.000000 -77.000000 -47.600000 0.000000 0.300000 -47.600000 0.000000 
-266.800000 -42.600000 0.000000 -112.500000 -25.000000 0.000000 -55.000000 -25.000000 0.000000 2.500000 -25.000000 0.000000 
-266.800000 -37.600000 0.000000 -112.500000 -20.000000 0.000000 -55.000000 -20.000000 0.000000 2.500000 -20.000000 0.000000 
-266.800000 -32.600000 0.000000 -112.500000 -15.000000 0.000000 -55.000000 -15.000000 0.000000 2.500000 -15.000000 0.000000 

0.300000 -47.600000 0.000000 95.200000 -47.600000 0.000000 190.100000 -47.600000 0.000000 285.000000 -47.600000 0.000000 
2.500000 -25.000000 0.000000 60.000000 -25.000000 0.000000 117.500000 -25.000000 0.000000 285.000000 -42.600000 0.000000 
2.500000 -20.000000 0.000000 60.000000 -20.000000 0.000000 117.500000 -20.000000 0.000000 285.000000 -37.600000 0.000000 
2.500000 -15.000000 0.000000 60.000000 -15.000000 0.000000 117.500000 -15.000000 0.000000 285.000000 -32.600000 0.000000 

-266.800000 -32.600000 0.000000 -112.500000 -15.000000 0.000000 -55.000000 -15.000000 0.000000 2.500000 -15.000000 0.000000 
-266.800000 -27.600000 0.000000 -112.500000 -10.000000 0.000000 -55.000000 -10.000000 0.000000 2.500000 -10.000000 0.000000 
-266.800000 -22.600000 0.000000 -112.500000 -5.000000 0.000000 -55.000000 -5.000000 0.000000 2.500000 -5.000000 0.000000 
-266.800000 -17.600000 0.000000 -171.900000 13.200000 0.000000 -77.000000 79.200000 0.000000 0.300000 74.800000 0.000000 

2.500000 -15.000000 0.000000 60.000000 -15.000000 0.000000 117.500000 -15.000000 0.000000 285.000000 -32.600000 0.000000 
2.500000 -10.000000 0.000000 60.000000 -10.000000 0.000000 117.500000 -10.000000 0.000000 285.000000 -27.600000 0.000000 
2.500000 -5.000000 0.000000 60.000000 -5.000000 0.000000 117.500000 -5.000000 0.000000 285.000000 -22.600000 0.000000 
0.300000 74.800000 0.000000 95.200000 79.200000 0.000000 190.100000 13.200000 0.000000 285.000000 -17.600000 0.000000 

