-208.500000 -37.000000 0.000000 -136.125000 -37.000000 0.000000 -63.750000 -37.000000 0.000000 1.625000 -37.000000 0.000000 
-208.500000 -32.000000 0.000000 -112.500000 -25.000000 0.000000 -55.000000 -25.000000 0.000000 2.500000 -25.000000 0.000000 
-208.500000 -27.000000 0.000000 -112.500000 -20.000000 0.000000 -55.000000 -20.000000 0.000000 2.500000 -20.000000 0.000000 
-208.500000 -22.000000 0.000000 -112.500000 -15.000000 0.000000 -55.000000 -15.000000 0.000000 2.500000 -15.000000 0.000000 

1.625000 -37.000000 0.000000 74.000000 -37.000000 0.000000 146.375000 -37.000000 0.000000 218.750000 -37.000000 0.000000 
2.500000 -25.000000 0.000000 60.000000 -25.000000 0.000000 117.500000 -25.000000 0.000000 218.750000 -32.000000 0.000000 
2.500000 -20.000000 0.000000 60.000000 -20.000000 0.000000 117.500000 -20.000000 0.000000 218.750000 -27.000000 0.000000 
2.500000 -15.000000 0.000000 60.000000 -15.000000 0.000000 117.500000 -15.000000 0.000000 218.750000 -22.000000 0.000000 

-208.500000 -22.000000 0.000000 -112.500000 -15.000000 0.000000 -55.000000 -15.000000 0.000000 2.500000 -15.000000 0.000000 
-208.500000 -17.000000 0.000000 -112.500000 -10.000000 0.000000 -55.000000 -10.000000 0.000000 2.500000 -10.000000 0.000000 
-208.500000 -12.000000 0.000000 -112.500000 -5.000000 0.000000 -55.000000 -5.000000 0.000000 2.500000 -5.000000 0.000000 
-208.500000 -7.000000 0.000000 -136.125000 5.250000 0.000000 -63.750000 31.500000 0.000000 1.625000 29.750000 0.000000 

2.500000 -15.000000 0.000000 60.000000 -15.000000 0.000000 117.500000 -15.000000 0.000000 218.750000 -22.000000 0.000000 
2.500000 -10.000000 0.000000 60.000000 -10.000000 0.000000 117.500000 -10.000000 0.000000 218.750000 -17.000000 0.000000 
2.500000 -5.000000 0.000000 60.000000 -5.000000 0.000000 117.500000 -5.000000 0.000000 218.750000 -12.000000 0.000000 
1.625000 29.750000 0.000000 74.000000 31.500000 0.000000 146.375000 5.250000 0.000000 218.750000 -7.000000 0.000000 

