-252.500000 -45.000000 0.000000 -163.125000 -45.000000 0.000000 -73.750000 -45.000000 0.000000 0.625000 -45.000000 0.000000 
-252.500000 -40.000000 0.000000 -112.500000 -25.000000 0.000000 -55.000000 -25.000000 0.000000 2.500000 -25.000000 0.000000 
-252.500000 -35.000000 0.000000 -112.500000 -20.000000 0.000000 -55.000000 -20.000000 0.000000 2.500000 -20.000000 0.000000 
-252.500000 -30.000000 0.000000 -112.500000 -15.000000 0.000000 -55.000000 -15.000000 0.000000 2.500000 -15.000000 0.000000 

0.625000 -45.000000 0.000000 90.000000 -45.000000 0.000000 179.375000 -45.000000 0.000000 268.750000 -45.000000 0.000000 
2.500000 -25.000000 0.000000 60.000000 -25.000000 0.000000 117.500000 -25.000000 0.000000 268.750000 -40.000000 0.000000 
2.500000 -20.000000 0.000000 60.000000 -20.000000 0.000000 117.500000 -20.000000 0.000000 268.750000 -35.000000 0.000000 
2.500000 -15.000000 0.000000 60.000000 -15.000000 0.000000 117.500000 -15.000000 0.000000 268.750000 -30.000000 0.000000 

-252.500000 -30.000000 0.000000 -112.500000 -15.000000 0.000000 -55.000000 -15.000000 0.000000 2.500000 -15.000000 0.000000 
-252.500000 -25.000000 0.000000 -112.500000 -10.000000 0.000000 -55.000000 -10.000000 0.000000 2.500000 -10.000000 0.000000 
-252.500000 -20.000000 0.000000 -112.500000 -5.000000 0.000000 -55.000000 -5.000000 0.000000 2.500000 -5.000000 0.000000 
-252.500000 -15.000000 0.000000 -163.125000 11.250000 0.000000 -73.750000 67.500000 0.000000 0.625000 63.750000 0.000000 

2.500000 -15.000000 0.000000 60.000000 -15.000000 0.000000 117.500000 -15.000000 0.000000 268.750000 -30.000000 0.000000 
2.500000 -10.000000 0.000000 60.000000 -10.000000 0.000000 117.500000 -10.000000 0.000000 268.750000 -25.000000 0.000000 
2.500000 -5.000000 0.000000 60.000000 -5.000000 0.000000 117.500000 -5.000000 0.000000 268.750000 -20.000000 0.000000 
0.625000 63.750000 0.000000 90.000000 67.500000 0.000000 179.375000 11.250000 0.000000 268.750000 -15.000000 0.000000 

