-259.100000 -46.200000 0.000000 -167.175000 -46.200000 0.000000 -75.250000 -46.200000 0.000000 0.475000 -46.200000 0.000000 
-259.100000 -41.200000 0.000000 -112.500000 -25.000000 0.000000 -55.000000 -25.000000 0.000000 2.500000 -25.000000 0.000000 
-259.100000 -36.200000 0.000000 -112.500000 -20.000000 0.000000 -55.000000 -20.000000 0.000000 2.500000 -20.000000 0.000000 
-259.100000 -31.200000 0.000000 -112.500000 -15.000000 0.000000 -55.000000 -15.000000 0.000000 2.500000 -15.000000 0.000000 

0.475000 -46.200000 0.000000 92.400000 -46.200000 0.000000 184.325000 -46.200000 0.000000 276.250000 -46.200000 0.000000 
2.500000 -25.000000 0.000000 60.000000 -25.000000 0.000000 117.500000 -25.000000 0.000000 276.250000 -41.200000 0.000000 
2.500000 -20.000000 0.000000 60.000000 -20.000000 0.000000 117.500000 -20.000000 0.000000 276.250000 -36.200000 0.000000 
2.500000 -15.000000 0.000000 60.000000 -15.000000 0.000000 117.500000 -15.000000 0.000000 276.250000 -31.200000 0.000000 

-259.100000 -31.200000 0.000000 -112.500000 -15.000000 0.000000 -55.000000 -15.000000 0.000000 2.500000 -15.000000 0.000000 
-259.100000 -26.200000 0.000000 -112.500000 -10.000000 0.000000 -55.000000 -10.000000 0.000000 2.500000 -10.000000 0.000000 
-259.100000 -21.200000 0.000000 -112.500000 -5.000000 0.000000 -55.000000 -5.000000 0.000000 2.500000 -5.000000 0.000000 
-259.100000 -16.200000 0.000000 -167.175000 12.150000 0.000000 -75.250000 72.900000 0.000000 0.475000 68.850000 0.000000 

2.500000 -15.000000 0.000000 60.000000 -15.000000 0.000000 117.500000 -15.000000 0.000000 276.250000 -31.200000 0.000000 
2.500000 -10.000000 0.000000 60.000000 -10.000000 0.000000 117.500000 -10.000000 0.000000 276.250000 -26.200000 0.000000 
2.500000 -5.000000 0.000000 60.000000 -5.000000 0.000000 117.500000 -5.000000 0.000000 276.250000 -21.200000 0.000000 
0.475000 68.850000 0.000000 92.400000 72.900000 0.000000 184.325000 12.150000 0.000000 276.250000 -16.200000 0.000000 

