-215.100000 -38.200000 0.000000 -140.175000 -38.200000 0.000000 -65.250000 -38.200000 0.000000 1.475000 -38.200000 0.000000 
-215.100000 -33.200000 0.000000 -112.500000 -25.000000 0.000000 -55.000000 -25.000000 0.000000 2.500000 -25.000000 0.000000 
-215.100000 -28.200000 0.000000 -112.500000 -20.000000 0.000000 -55.000000 -20.000000 0.000000 2.500000 -20.000000 0.000000 
-215.100000 -23.200000 0.000000 -112.500000 -15.000000 0.000000 -55.000000 -15.000000 0.000000 2.500000 -15.000000 0.000000 

1.475000 -38.200000 0.000000 76.400000 -38.200000 0.000000 151.325000 -38.200000 0.000000 226.250000 -38.200000 0.000000 
2.500000 -25.000000 0.000000 60.000000 -25.000000 0.000000 117.500000 -25.000000 0.000000 226.250000 -33.200000 0.000000 
2.500000 -20.000000 0.000000 60.000000 -20.000000 0.000000 117.500000 -20.000000 0.000000 226.250000 -28.200000 0.000000 
2.500000 -15.000000 0.000000 60.000000 -15.000000 0.000000 117.500000 -15.000000 0.000000 226.250000 -23.200000 0.000000 

-215.100000 -23.200000 0.000000 -112.500000 -15.000000 0.000000 -55.000000 -15.000000 0.000000 2.500000 -15.000000 0.000000 
-215.100000 -18.200000 0.000000 -112.500000 -10.000000 0.000000 -55.000000 -10.000000 0.000000 2.500000 -10.000000 0.000000 
-215.100000 -13.200000 0.000000 -112.500000 -5.000000 0.000000 -55.000000 -5.000000 0.000000 2.500000 -5.000000 0.000000 
-215.100000 -8.200000 0.000000 -140.175000 6.150000 0.000000 -65.250000 36.900000 0.000000 1.475000 34.850000 0.000000 

2.500000 -15.000000 0.000000 60.000000 -15.000000 0.000000 117.500000 -15.000000 0.000000 226.250000 -23.200000 0.000000 
2.500000 -10.000000 0.000000 60.000000 -10.000000 0.000000 117.500000 -10.000000 0.000000 226.250000 -18.200000 0.000000 
2.500000 -5.000000 0.000000 60.000000 -5.000000 0.000000 117.500000 -5.000000 0.000000 226.250000 -13.200000 0.000000 
1.475000 34.850000 0.000000 76.400000 36.900000 0.000000 151.325000 6.150000 0.000000 226.250000 -8.200000 0.000000 

