-276.700000 -49.400000 0.000000 -177.975000 -49.400000 0.000000 -79.250000 -49.400000 0.000000 0.075000 -49.400000 0.000000 
-276.700000 -44.400000 0.000000 -112.500000 -25.000000 0.000000 -55.000000 -25.000000 0.000000 2.500000 -25.000000 0.000000 
-276.700000 -39.400000 0.000000 -112.500000 -20.000000 0.000000 -55.000000 -20.000000 0.000000 2.500000 -20.000000 0.000000 
-276.700000 -34.400000 0.000000 -112.500000 -15.000000 0.000000 -55.000000 -15.000000 0.000000 2.500000 -15.000000 0.000000 

0.075000 -49.400000 0.000000 98.800000 -49.400000 0.000000 197.525000 -49.400000 0.000000 296.250000 -49.400000 0.000000 
2.500000 -25.000000 0.000000 60.000000 -25.000000 0.000000 117.500000 -25.000000 0.000000 296.250000 -44.400000 0.000000 
2.500000 -20.000000 0.000000 60.000000 -20.000000 0.000000 117.500000 -20.000000 0.000000 296.250000 -39.400000 0.000000 
2.500000 -15.000000 0.000000 60.000000 -15.000000 0.000000 117.500000 -15.000000 0.000000 296.250000 -34.400000 0.000000 

-276.700000 -34.400000 0.000000 -112.500000 -15.000000 0.000000 -55.000000 -15.000000 0.000000 2.500000 -15.000000 0.000000 
-276.700000 -29.400000 0.000000 -112.500000 -10.000000 0.000000 -55.000000 -10.000000 0.000000 2.500000 -10.000000 0.000000 
-276.700000 -24.400000 0.000000 -112.500000 -5.000000 0.000000 -55.000000 -5.000000 0.000000 2.500000 -5.000000 0.000000 
-276.700000 -19.400000 0.000000 -177.975000 14.550000 0.000000 -79.250000 87.300000 0.000000 0.075000 82.450000 0.000000 

2.500000 -15.000000 0.000000 60.000000 -15.000000 0.000000 117.500000 -15.000000 0.000000 296.250000 -34.400000 0.000000 
2.500000 -10.000000 0.000000 60.000000 -10.000000 0.000000 117.500000 -10.000000 0.000000 296.250000 -29.400000 0.000000 
2.500000 -5.000000 0.000000 60.000000 -5.000000 0.000000 117.500000 -5.000000 0.000000 296.250000 -24.400000 0.000000 
0.075000 82.450000 0.000000 98.800000 87.300000 0.000000 197.525000 14.550000 0.000000 296.250000 -19.400000 0.000000 

