-231.600000 -41.200000 0.000000 -150.300000 -41.200000 0.000000 -69.000000 -41.200000 0.000000 1.100000 -41.200000 0.000000 
-231.600000 -36.200000 0.000000 -112.500000 -25.000000 0.000000 -55.000000 -25.000000 0.000000 2.500000 -25.000000 0.000000 
-231.600000 -31.200000 0.000000 -112.500000 -20.000000 0.000000 -55.000000 -20.000000 0.000000 2.500000 -20.000000 0.000000 
-231.600000 -26.200000 0.000000 -112.500000 -15.000000 0.000000 -55.000000 -15.000000 0.000000 2.500000 -15.000000 0.000000 

1.100000 -41.200000 0.000000 82.400000 -41.200000 0.000000 163.700000 -41.200000 0.000000 245.000000 -41.200000 0.000000 
2.500000 -25.000000 0.000000 60.000000 -25.000000 0.000000 117.500000 -25.000000 0.000000 245.000000 -36.200000 0.000000 
2.500000 -20.000000 0.000000 60.000000 -20.000000 0.000000 117.500000 -20.000000 0.000000 245.000000 -31.200000 0.000000 
2.500000 -15.000000 0.000000 60.000000 -15.000000 0.000000 117.500000 -15.000000 0.000000 245.000000 -26.200000 0.000000 

-231.600000 -26.200000 0.000000 -112.500000 -15.000000 0.000000 -55.000000 -15.000000 0.000000 2.500000 -15.000000 0.000000 
-231.600000 -21.200000 0.000000 -112.500000 -10.000000 0.000000 -55.000000 -10.000000 0.000000 2.500000 -10.000000 0.000000 
-231.600000 -16.200000 0.000000 -112.500000 -5.000000 0.000000 -55.000000 -5.000000 0.000000 2.500000 -5.000000 0.000000 
-231.600000 -11.200000 0.000000 -150.300000 8.400000 0.000000 -69.000000 50.400000 0.000000 1.100000 47.600000 0.000000 

2.500000 -15.000000 0.000000 60.000000 -15.000000 0.000000 117.500000 -15.000000 0.000000 245.000000 -26.200000 0.000000 
2.500000 -10.000000 0.000000 60.000000 -10.000000 0.000000 117.500000 -10.000000 0.000000 245.000000 -21.200000 0.000000 
2.500000 -5.000000 0.000000 60.000000 -5.000000 0.000000 117.500000 -5.000000 0.000000 245.000000 -16.200000 0.000000 
1.100000 47.600000 0.000000 82.400000 50.400000 0.000000 163.700000 8.400000 0.000000 245.000000 -11.200000 0.000000 

