-280.000000 -50.000000 0.000000 -180.000000 -50.000000 0.000000 -80.000000 -50.000000 0.000000 0.000000 -50.000000 0.000000 
-280.000000 -45.000000 0.000000 -112.500000 -25.000000 0.000000 -55.000000 -25.000000 0.000000 2.500000 -25.000000 0.000000 
-280.000000 -40.000000 0.000000 -112.500000 -20.000000 0.000000 -55.000000 -20.000000 0.000000 2.500000 -20.000000 0.000000 
-280.000000 -35.000000 0.000000 -112.500000 -15.000000 0.000000 -55.000000 -15.000000 0.000000 2.500000 -15.000000 0.000000 

0.000000 -50.000000 0.000000 100.000000 -50.000000 0.000000 200.000000 -50.000000 0.000000 300.000000 -50.000000 0.000000 
2.500000 -25.000000 0.000000 60.000000 -25.000000 0.000000 117.500000 -25.000000 0.000000 300.000000 -45.000000 0.000000 
2.500000 -20.000000 0.000000 60.000000 -20.000000 0.000000 117.500000 -20.000000 0.000000 300.000000 -40.000000 0.000000 
2.500000 -15.000000 0.000000 60.000000 -15.000000 0.000000 117.500000 -15.000000 0.000000 300.000000 -35.000000 0.000000 

-280.000000 -35.000000 0.000000 -112.500000 -15.000000 0.000000 -55.000000 -15.000000 0.000000 2.500000 -15.000000 0.000000 
-280.000000 -30.000000 0.000000 -112.500000 -10.000000 0.000000 -55.000000 -10.000000 0.000000 2.500000 -10.000000 0.000000 
-280.000000 -25.000000 0.000000 -112.500000 -5.000000 0.000000 -55.000000 -5.000000 0.000000 2.500000 -5.000000 0.000000 
-280.000000 -20.000000 0.000000 -180.000000 15.000000 0.000000 -80.000000 90.000000 0.000000 0.000000 85.000000 0.000000 

2.500000 -15.000000 0.000000 60.000000 -15.000000 0.000000 117.500000 -15.000000 0.000000 300.000000 -35.000000 0.000000 
2.500000 -10.000000 0.000000 60.000000 -10.000000 0.000000 117.500000 -10.000000 0.000000 300.000000 -30.000000 0.000000 
2.500000 -5.000000 0.000000 60.000000 -5.000000 0.000000 117.500000 -5.000000 0.000000 300.000000 -25.000000 0.000000 
0.000000 85.000000 0.000000 100.000000 90.000000 0.000000 200.000000 15.000000 0.000000 300.000000 -20.000000 0.000000 

