-256.900000 -45.800000 0.000000 -165.825000 -45.800000 0.000000 -74.750000 -45.800000 0.000000 0.525000 -45.800000 0.000000 
-256.900000 -40.800000 0.000000 -112.500000 -25.000000 0.000000 -55.000000 -25.000000 0.000000 2.500000 -25.000000 0.000000 
-256.900000 -35.800000 0.000000 -112.500000 -20.000000 0.000000 -55.000000 -20.000000 0.000000 2.500000 -20.000000 0.000000 
-256.900000 -30.800000 0.000000 -112.500000 -15.000000 0.000000 -55.000000 -15.000000 0.000000 2.500000 -15.000000 0.000000 

0.525000 -45.800000 0.000000 91.600000 -45.800000 0.000000 182.675000 -45.800000 0.000000 273.750000 -45.800000 0.000000 
2.500000 -25.000000 0.000000 60.000000 -25.000000 0.000000 117.500000 -25.000000 0.000000 273.750000 -40.800000 0.000000 
2.500000 -20.000000 0.000000 60.000000 -20.000000 0.000000 117.500000 -20.000000 0.000000 273.750000 -35.800000 0.000000 
2.500000 -15.000000 0.000000 60.000000 -15.000000 0.000000 117.500000 -15.000000 0.000000 273.750000 -30.800000 0.000000 

-256.900000 -30.800000 0.000000 -112.500000 -15.000000 0.000000 -55.000000 -15.000000 0.000000 2.500000 -15.000000 0.000000 
-256.900000 -25.800000 0.000000 -112.500000 -10.000000 0.000000 -55.000000 -10.000000 0.000000 2.500000 -10.000000 0.000000 
-256.900000 -20.800000 0.000000 -112.500000 -5.000000 0.000000 -55.000000 -5.000000 0.000000 2.500000 -5.000000 0.000000 
-256.900000 -15.800000 0.000000 -165.825000 11.850000 0.000000 -74.750000 71.100000 0.000000 0.525000 67.150000 0.000000 

2.500000 -15.000000 0.000000 60.000000 -15.000000 0.000000 117.500000 -15.000000 0.000000 273.750000 -30.800000 0.000000 
2.500000 -10.000000 0.000000 60.000000 -10.000000 0.000000 117.500000 -10.000000 0.000000 273.750000 -25.800000 0.000000 
2.500000 -5.000000 0.000000 60.000000 -5.000000 0.000000 117.500000 -5.000000 0.000000 273.750000 -20.800000 0.000000 
0.525000 67.150000 0.000000 91.600000 71.100000 0.000000 182.675000 11.850000 0.000000 273.750000 -15.800000 0.000000 

