-263.500000 -47.000000 0.000000 -169.875000 -47.000000 0.000000 -76.250000 -47.000000 0.000000 0.375000 -47.000000 0.000000 
-263.500000 -42.000000 0.000000 -112.500000 -25.000000 0.000000 -55.000000 -25.000000 0.000000 2.500000 -25.000000 0.000000 
-263.500000 -37.000000 0.000000 -112.500000 -20.000000 0.000000 -55.000000 -20.000000 0.000000 2.500000 -20.000000 0.000000 
-263.500000 -32.000000 0.000000 -112.500000 -15.000000 0.000000 -55.000000 -15.000000 0.000000 2.500000 -15.000000 0.000000 

0.375000 -47.000000 0.000000 94.000000 -47.000000 0.000000 187.625000 -47.000000 0.000000 281.250000 -47.000000 0.000000 
2.500000 -25.000000 0.000000 60.000000 -25.000000 0.000000 117.500000 -25.000000 0.000000 281.250000 -42.000000 0.000000 
2.500000 -20.000000 0.000000 60.000000 -20.000000 0.000000 117.500000 -20.000000 0.000000 281.250000 -37.000000 0.000000 
2.500000 -15.000000 0.000000 60.000000 -15.000000 0.000000 117.500000 -15.000000 0.000000 281.250000 -32.000000 0.000000 

-263.500000 -32.000000 0.000000 -112.500000 -15.000000 0.000000 -55.000000 -15.000000 0.000000 2.500000 -15.000000 0.000000 
-263.500000 -27.000000 0.000000 -112.500000 -10.000000 0.000000 -55.000000 -10.000000 0.000000 2.500000 -10.000000 0.000000 
-263.500000 -22.000000 0.000000 -112.500000 -5.000000 0.000000 -55.000000 -5.000000 0.000000 2.500000 -5.000000 0.000000 
-263.500000 -17.000000 0.000000 -169.875000 12.750000 0.000000 -76.250000 76.500000 0.000000 0.375000 72.250000 0.000000 

2.500000 -15.000000 0.000000 60.000000 -15.000000 0.000000 117.500000 -15.000000 0.000000 281.250000 -32.000000 0.000000 
2.500000 -10.000000 0.000000 60.000000 -10.000000 0.000000 117.500000 -10.000000 0.000000 281.250000 -27.000000 0.000000 
2.500000 -5.000000 0.000000 60.000000 -5.000000 0.000000 117.500000 -5.000000 0.000000 281.250000 -22.000000 0.000000 
0.375000 72.250000 0.000000 94.000000 76.500000 0.000000 187.625000 12.750000 0.000000 281.250000 -17.000000 0.000000 

