-200.800000 -35.600000 0.000000 -131.400000 -35.600000 0.000000 -62.000000 -35.600000 0.000000 1.800000 -35.600000 0.000000 
-200.800000 -30.600000 0.000000 -112.500000 -25.000000 0.000000 -55.000000 -25.000000 0.000000 2.500000 -25.000000 0.000000 
-200.800000 -25.600000 0.000000 -112.500000 -20.000000 0.000000 -55.000000 -20.000000 0.000000 2.500000 -20.000000 0.000000 
-200.800000 -20.600000 0.000000 -112.500000 -15.000000 0.000000 -55.000000 -15.000000 0.000000 2.500000 -15.000000 0.000000 

1.800000 -35.600000 0.000000 71.200000 -35.600000 0.000000 140.600000 -35.600000 0.000000 210.000000 -35.600000 0.000000 
2.500000 -25.000000 0.000000 60.000000 -25.000000 0.000000 117.500000 -25.000000 0.000000 210.000000 -30.600000 0.000000 
2.500000 -20.000000 0.000000 60.000000 -20.000000 0.000000 117.500000 -20.000000 0.000000 210.000000 -25.600000 0.000000 
2.500000 -15.000000 0.000000 60.000000 -15.000000 0.000000 117.500000 -15.000000 0.000000 210.000000 -20.600000 0.000000 

-200.800000 -20.600000 0.000000 -112.500000 -15.000000 0.000000 -55.000000 -15.000000 0.000000 2.500000 -15.000000 0.000000 
-200.800000 -15.600000 0.000000 -112.500000 -10.000000 0.000000 -55.000000 -10.000000 0.000000 2.500000 -10.000000 0.000000 
-200.800000 -10.600000 0.000000 -112.500000 -5.000000 0.000000 -55.000000 -5.000000 0.000000 2.500000 -5.000000 0.000000 
-200.800000 -5.600000 0.000000 -131.400000 4.200000 0.000000 -62.000000 25.200000 0.000000 1.800000 23.800000 0.000000 

2.500000 -15.000000 0.000000 60.000000 -15.000000 0.000000 117.500000 -15.000000 0.000000 210.000000 -20.600000 0.000000 
2.500000 -10.000000 0.000000 60.000000 -10.000000 0.000000 117.500000 -10.000000 0.000000 210.000000 -15.600000 0.000000 
2.500000 -5.000000 0.000000 60.000000 -5.000000 0.000000 117.500000 -5.000000 0.000000 210.000000 -10.600000 0.000000 
1.800000 23.800000 0.000000 71.200000 25.200000 0.000000 140.600000 4.200000 0.000000 210.000000 -5.600000 0.000000 

