-205.200000 -36.400000 0.000000 -134.100000 -36.400000 0.000000 -63.000000 -36.400000 0.000000 1.700000 -36.400000 0.000000 
-205.200000 -31.400000 0.000000 -112.500000 -25.000000 0.000000 -55.000000 -25.000000 0.000000 2.500000 -25.000000 0.000000 
-205.200000 -26.400000 0.000000 -112.500000 -20.000000 0.000000 -55.000000 -20.000000 0.000000 2.500000 -20.000000 0.000000 
-205.200000 -21.400000 0.000000 -112.500000 -15.000000 0.000000 -55.000000 -15.000000 0.000000 2.500000 -15.000000 0.000000 

1.700000 -36.400000 0.000000 72.800000 -36.400000 0.000000 143.900000 -36.400000 0.000000 215.000000 -36.400000 0.000000 
2.500000 -25.000000 0.000000 60.000000 -25.000000 0.000000 117.500000 -25.000000 0.000000 215.000000 -31.400000 0.000000 
2.500000 -20.000000 0.000000 60.000000 -20.000000 0.000000 117.500000 -20.000000 0.000000 215.000000 -26.400000 0.000000 
2.500000 -15.000000 0.000000 60.000000 -15.000000 0.000000 117.500000 -15.000000 0.000000 215.000000 -21.400000 0.000000 

-205.200000 -21.400000 0.000000 -112.500000 -15.000000 0.000000 -55.000000 -15.000000 0.000000 2.500000 -15.000000 0.000000 
-205.200000 -16.400000 0.000000 -112.500000 -10.000000 0.000000 -55.000000 -10.000000 0.000000 2.500000 -10.000000 0.000000 
-205.200000 -11.400000 0.000000 -112.500000 -5.000000 0.000000 -55.000000 -5.000000 0.000000 2.500000 -5.000000 0.000000 
-205.200000 -6.400000 0.000000 -134.100000 4.800000 0.000000 -63.000000 28.800000 0.000000 1.700000 27.200000 0.000000 

2.500000 -15.000000 0.000000 60.000000 -15.000000 0.000000 117.500000 -15.000000 0.000000 215.000000 -21.400000 0.000000 
2.500000 -10.000000 0.000000 60.000000 -10.000000 0.000000 117.500000 -10.000000 0.000000 215.000000 -16.400000 0.000000 
2.500000 -5.000000 0.000000 60.000000 -5.000000 0.000000 117.500000 -5.000000 0.000000 215.000000 -11.400000 0.000000 
1.700000 27.200000 0.000000 72.800000 28.800000 0.000000 143.900000 4.800000 0.000000 215.000000 -6.400000 0.000000 

