-253.600000 -45.200000 0.000000 -163.800000 -45.200000 0.000000 -74.000000 -45.200000 0.000000 0.600000 -45.200000 0.000000 
-253.600000 -40.200000 0.000000 -112.500000 -25.000000 0.000000 -55.000000 -25.000000 0.000000 2.500000 -25.000000 0.000000 
-253.600000 -35.200000 0.000000 -112.500000 -20.000000 0.000000 -55.000000 -20.000000 0.000000 2.500000 -20.000000 0.000000 
-253.600000 -30.200000 0.000000 -112.500000 -15.000000 0.000000 -55.000000 -15.000000 0.000000 2.500000 -15.000000 0.000000 

0.600000 -45.200000 0.000000 90.400000 -45.200000 0.000000 180.200000 -45.200000 0.000000 270.000000 -45.200000 0.000000 
2.500000 -25.000000 0.000000 60.000000 -25.000000 0.000000 117.500000 -25.000000 0.000000 270.000000 -40.200000 0.000000 
2.500000 -20.000000 0.000000 60.000000 -20.000000 0.000000 117.500000 -20.000000 0.000000 270.000000 -35.200000 0.000000 
2.500000 -15.000000 0.000000 60.000000 -15.000000 0.000000 117.500000 -15.000000 0.000000 270.000000 -30.200000 0.000000 

-253.600000 -30.200000 0.000000 -112.500000 -15.000000 0.000000 -55.000000 -15.000000 0.000000 2.500000 -15.000000 0.000000 
-253.600000 -25.200000 0.000000 -112.500000 -10.000000 0.000000 -55.000000 -10.000000 0.000000 2.500000 -10.000000 0.000000 
-253.600000 -20.200000 0.000000 -112.500000 -5.000000 0.000000 -55.000000 -5.000000 0.000000 2.500000 -5.000000 0.000000 
-253.600000 -15.200000 0.000000 -163.800000 11.400000 0.000000 -74.000000 68.400000 0.000000 0.600000 64.600000 0.000000 

2.500000 -15.000000 0.000000 60.000000 -15.000000 0.000000 117.500000 -15.000000 0.000000 270.000000 -30.200000 0.000000 
2.500000 -10.000000 0.000000 60.000000 -10.000000 0.000000 117.500000 -10.000000 0.000000 270.000000 -25.200000 0.000000 
2.500000 -5.000000 0.000000 60.000000 -5.000000 0.000000 117.500000 -5.000000 0.000000 270.000000 -20.200000 0.000000 
0.600000 64.600000 0.000000 90.400000 68.400000 0.000000 180.200000 11.400000 0.000000 270.000000 -15.200000 0.000000 

