-171.100000 -30.200000 0.000000 -113.175000 -30.200000 0.000000 -55.250000 -30.200000 0.000000 2.475000 -30.200000 0.000000 
-171.100000 -25.200000 0.000000 -112.500000 -25.000000 0.000000 -55.000000 -25.000000 0.000000 2.500000 -25.000000 0.000000 
-171.100000 -20.200000 0.000000 -112.500000 -20.000000 0.000000 -55.000000 -20.000000 0.000000 2.500000 -20.000000 0.000000 
-171.100000 -15.200000 0.000000 -112.500000 -15.000000 0.000000 -55.000000 -15.000000 0.000000 2.500000 -15.000000 0.000000 

2.475000 -30.200000 0.000000 60.400000 -30.200000 0.000000 118.325000 -30.200000 0.000000 176.250000 -30.200000 0.000000 
2.500000 -25.000000 0.000000 60.000000 -25.000000 0.000000 117.500000 -25.000000 0.000000 176.250000 -25.200000 0.000000 
2.500000 -20.000000 0.000000 60.000000 -20.000000 0.000000 117.500000 -20.000000 0.000000 176.250000 -20.200000 0.000000 
2.500000 -15.000000 0.000000 60.000000 -15.000000 0.000000 117.500000 -15.000000 0.000000 176.250000 -15.200000 0.000000 

-171.100000 -15.200000 0.000000 -112.500000 -15.000000 0.000000 -55.000000 -15.000000 0.000000 2.500000 -15.000000 0.000000 
-171.100000 -10.200000 0.000000 -112.500000 -10.000000 0.000000 -55.000000 -10.000000 0.000000 2.500000 -10.000000 0.000000 
-171.100000 -5.200000 0.000000 -112.500000 -5.000000 0.000000 -55.000000 -5.000000 0.000000 2.500000 -5.000000 0.000000 
-171.100000 -0.200000 0.000000 -113.175000 0.150000 0.000000 -55.250000 0.900000 0.000000 2.475000 0.850000 0.000000 

2.500000 -15.000000 0.000000 60.000000 -15.000000 0.000000 117.500000 -15.000000 0.000000 176.250000 -15.200000 0.000000 
2.500000 -10.000000 0.000000 60.000000 -10.000000 0.000000 117.500000 -10.000000 0.000000 176.250000 -10.200000 0.000000 
2.500000 -5.000000 0.000000 60.000000 -5.000000 0.000000 117.500000 -5.000000 0.000000 176.250000 -5.200000 0.000000 
2.475000 0.850000 0.000000 60.400000 0.900000 0.000000 118.325000 0.150000 0.000000 176.250000 -0.200000 0.000000 

