-234.900000 -41.800000 0.000000 -152.325000 -41.800000 0.000000 -69.750000 -41.800000 0.000000 1.025000 -41.800000 0.000000 
-234.900000 -36.800000 0.000000 -112.500000 -25.000000 0.000000 -55.000000 -25.000000 0.000000 2.500000 -25.000000 0.000000 
-234.900000 -31.800000 0.000000 -112.500000 -20.000000 0.000000 -55.000000 -20.000000 0.000000 2.500000 -20.000000 0.000000 
-234.900000 -26.800000 0.000000 -112.500000 -15.000000 0.000000 -55.000000 -15.000000 0.000000 2.500000 -15.000000 0.000000 

1.025000 -41.800000 0.000000 83.600000 -41.800000 0.000000 166.175000 -41.800000 0.000000 248.750000 -41.800000 0.000000 
2.500000 -25.000000 0.000000 60.000000 -25.000000 0.000000 117.500000 -25.000000 0.000000 248.750000 -36.800000 0.000000 
2.500000 -20.000000 0.000000 60.000000 -20.000000 0.000000 117.500000 -20.000000 0.000000 248.750000 -31.800000 0.000000 
2.500000 -15.000000 0.000000 60.000000 -15.000000 0.000000 117.500000 -15.000000 0.000000 248.750000 -26.800000 0.000000 

-234.900000 -26.800000 0.000000 -112.500000 -15.000000 0.000000 -55.000000 -15.000000 0.000000 2.500000 -15.000000 0.000000 
-234.900000 -21.800000 0.000000 -112.500000 -10.000000 0.000000 -55.000000 -10.000000 0.000000 2.500000 -10.000000 0.000000 
-234.900000 -16.800000 0.000000 -112.500000 -5.000000 0.000000 -55.000000 -5.000000 0.000000 2.500000 -5.000000 0.000000 
-234.900000 -11.800000 0.000000 -152.325000 8.850000 0.000000 -69.750000 53.100000 0.000000 1.025000 50.150000 0.000000 

2.500000 -15.000000 0.000000 60.000000 -15.000000 0.000000 117.500000 -15.000000 0.000000 248.750000 -26.800000 0.000000 
2.500000 -10.000000 0.000000 60.000000 -10.000000 0.000000 117.500000 -10.000000 0.000000 248.750000 -21.800000 0.000000 
2.500000 -5.000000 0.000000 60.000000 -5.000000 0.000000 117.500000 -5.000000 0.000000 248.750000 -16.800000 0.000000 
1.025000 50.150000 0.000000 83.600000 53.100000 0.000000 166.175000 8.850000 0.000000 248.750000 -11.800000 0.000000 

