-232.700000 -41.400000 0.000000 -150.975000 -41.400000 0.000000 -69.250000 -41.400000 0.000000 1.075000 -41.400000 0.000000 
-232.700000 -36.400000 0.000000 -112.500000 -25.000000 0.000000 -55.000000 -25.000000 0.000000 2.500000 -25.000000 0.000000 
-232.700000 -31.400000 0.000000 -112.500000 -20.000000 0.000000 -55.000000 -20.000000 0.000000 2.500000 -20.000000 0.000000 
-232.700000 -26.400000 0.000000 -112.500000 -15.000000 0.000000 -55.000000 -15.000000 0.000000 2.500000 -15.000000 0.000000 

1.075000 -41.400000 0.000000 82.800000 -41.400000 0.000000 164.525000 -41.400000 0.000000 246.250000 -41.400000 0.000000 
2.500000 -25.000000 0.000000 60.000000 -25.000000 0.000000 117.500000 -25.000000 0.000000 246.250000 -36.400000 0.000000 
2.500000 -20.000000 0.000000 60.000000 -20.000000 0.000000 117.500000 -20.000000 0.000000 246.250000 -31.400000 0.000000 
2.500000 -15.000000 0.000000 60.000000 -15.000000 0.000000 117.500000 -15.000000 0.000000 246.250000 -26.400000 0.000000 

-232.700000 -26.400000 0.000000 -112.500000 -15.000000 0.000000 -55.000000 -15.000000 0.000000 2.500000 -15.000000 0.000000 
-232.700000 -21.400000 0.000000 -112.500000 -10.000000 0.000000 -55.000000 -10.000000 0.000000 2.500000 -10.000000 0.000000 
-232.700000 -16.400000 0.000000 -112.500000 -5.000000 0.000000 -55.000000 -5.000000 0.000000 2.500000 -5.000000 0.000000 
-232.700000 -11.400000 0.000000 -150.975000 8.550000 0.000000 -69.250000 51.300000 0.000000 1.075000 48.450000 0.000000 

2.500000 -15.000000 0.000000 60.000000 -15.000000 0.000000 117.500000 -15.000000 0.000000 246.250000 -26.400000 0.000000 
2.500000 -10.000000 0.000000 60.000000 -10.000000 0.000000 117.500000 -10.000000 0.000000 246.250000 -21.400000 0.000000 
2.500000 -5.000000 0.000000 60.000000 -5.000000 0.000000 117.500000 -5.000000 0.000000 246.250000 -16.400000 0.000000 
1.075000 48.450000 0.000000 82.800000 51.300000 0.000000 164.525000 8.550000 0.000000 246.250000 -11.400000 0.000000 

