-199.700000 -35.400000 0.000000 -130.725000 -35.400000 0.000000 -61.750000 -35.400000 0.000000 1.825000 -35.400000 0.000000 
-199.700000 -30.400000 0.000000 -112.500000 -25.000000 0.000000 -55.000000 -25.000000 0.000000 2.500000 -25.000000 0.000000 
-199.700000 -25.400000 0.000000 -112.500000 -20.000000 0.000000 -55.000000 -20.000000 0.000000 2.500000 -20.000000 0.000000 
-199.700000 -20.400000 0.000000 -112.500000 -15.000000 0.000000 -55.000000 -15.000000 0.000000 2.500000 -15.000000 0.000000 

1.825000 -35.400000 0.000000 70.800000 -35.400000 0.000000 139.775000 -35.400000 0.000000 208.750000 -35.400000 0.000000 
2.500000 -25.000000 0.000000 60.000000 -25.000000 0.000000 117.500000 -25.000000 0.000000 208.750000 -30.400000 0.000000 
2.500000 -20.000000 0.000000 60.000000 -20.000000 0.000000 117.500000 -20.000000 0.000000 208.750000 -25.400000 0.000000 
2.500000 -15.000000 0.000000 60.000000 -15.000000 0.000000 117.500000 -15.000000 0.000000 208.750000 -20.400000 0.000000 

-199.700000 -20.400000 0.000000 -112.500000 -15.000000 0.000000 -55.000000 -15.000000 0.000000 2.500000 -15.000000 0.000000 
-199.700000 -15.400000 0.000000 -112.500000 -10.000000 0.000000 -55.000000 -10.000000 0.000000 2.500000 -10.000000 0.000000 
-199.700000 -10.400000 0.000000 -112.500000 -5.000000 0.000000 -55.000000 -5.000000 0.000000 2.500000 -5.000000 0.000000 
-199.700000 -5.400000 0.000000 -130.725000 4.050000 0.000000 -61.750000 24.300000 0.000000 1.825000 22.950000 0.000000 

2.500000 -15.000000 0.000000 60.000000 -15.000000 0.000000 117.500000 -15.000000 0.000000 208.750000 -20.400000 0.000000 
2.500000 -10.000000 0.000000 60.000000 -10.000000 0.000000 117.500000 -10.000000 0.000000 208.750000 -15.400000 0.000000 
2.500000 -5.000000 0.000000 60.000000 -5.000000 0.000000 117.500000 -5.000000 0.000000 208.750000 -10.400000 0.000000 
1.825000 22.950000 0.000000 70.800000 24.300000 0.000000 139.775000 4.050000 0.000000 208.750000 -5.400000 0.000000 

