-225.000000 -40.000000 0.000000 -146.250000 -40.000000 0.000000 -67.500000 -40.000000 0.000000 1.250000 -40.000000 0.000000 
-225.000000 -35.000000 0.000000 -123.126978 -31.491264 0.000000 -48.705539 -26.133834 0.000000 14.946403 -28.166863 0.000000 
-225.000000 -30.000000 0.000000 -123.126978 -23.574597 0.000000 -48.705539 -11.967167 0.000000 14.946403 -14.416863 0.000000 
-225.000000 -25.000000 0.000000 -123.126978 -15.657931 0.000000 -56.233852 3.151877 0.000000 9.479086 2.197452 0.000000 

1.250000 -40.000000 0.000000 80.000000 -40.000000 0.000000 158.750000 -40.000000 0.000000 237.500000 -40.000000 0.000000 
14.946403 -28.166863 0.000000 63.307579 -26.227276 0.000000 111.226218 -32.028437 0.000000 237.500000 -35.000000 0.000000 
14.946403 -14.416863 0.000000 63.307579 -12.060610 0.000000 111.226218 -24.111770 0.000000 237.500000 -30.000000 0.000000 
9.479086 2.197452 0.000000 67.743509 1.523879 0.000000 111.226218 -16.195103 0.000000 237.500000 -25.000000 0.000000 

-225.000000 -25.000000 0.000000 -123.126978 -15.657931 0.000000 -56.233852 3.151877 0.000000 9.479086 2.197452 0.000000 
-225.000000 -20.000000 0.000000 -123.126978 -7.741264 0.000000 -55.703008 17.318544 0.000000 -1.429372 15.947452 0.000000 
-225.000000 -15.000000 0.000000 -79.239344 2.179540 0.000000 -63.634240 30.833333 0.000000 -4.723133 29.697452 0.000000 
-225.000000 -10.000000 0.000000 -146.250000 7.500000 0.000000 -67.500000 45.000000 0.000000 1.250000 42.500000 0.000000 

9.479086 2.197452 0.000000 67.743509 1.523879 0.000000 111.226218 -16.195103 0.000000 237.500000 -25.000000 0.000000 
-1.429372 15.947452 0.000000 62.006344 15.690545 0.000000 111.226218 -8.278437 0.000000 237.500000 -20.000000 0.000000 
-4.723133 29.697452 0.000000 60.566755 31.910100 0.000000 109.565961 -0.530459 0.000000 237.500000 -15.000000 0.000000 
1.250000 42.500000 0.000000 80.000000 45.000000 0.000000 158.750000 7.500000 0.000000 237.500000 -10.000000 0.000000 

