-195.300000 -34.600000 0.000000 -128.025000 -34.600000 0.000000 -60.750000 -34.600000 0.000000 1.925000 -34.600000 0.000000 
-195.300000 -29.600000 0.000000 -112.500000 -25.000000 0.000000 -55.000000 -25.000000 0.000000 2.500000 -25.000000 0.000000 
-195.300000 -24.600000 0.000000 -112.500000 -20.000000 0.000000 -55.000000 -20.000000 0.000000 2.500000 -20.000000 0.000000 
-195.300000 -19.600000 0.000000 -112.500000 -15.000000 0.000000 -55.000000 -15.000000 0.000000 2.500000 -15.000000 0.000000 

1.925000 -34.600000 0.000000 69.200000 -34.600000 0.000000 136.475000 -34.600000 0.000000 203.750000 -34.600000 0.000000 
2.500000 -25.000000 0.000000 60.000000 -25.000000 0.000000 117.500000 -25.000000 0.000000 203.750000 -29.600000 0.000000 
2.500000 -20.000000 0.000000 60.000000 -20.000000 0.000000 117.500000 -20.000000 0.000000 203.750000 -24.600000 0.000000 
2.500000 -15.000000 0.000000 60.000000 -15.000000 0.000000 117.500000 -15.000000 0.000000 203.750000 -19.600000 0.000000 

-195.300000 -19.600000 0.000000 -112.500000 -15.000000 0.000000 -55.000000 -15.000000 0.000000 2.500000 -15.000000 0.000000 
-195.300000 -14.600000 0.000000 -112.500000 -10.000000 0.000000 -55.000000 -10.000000 0.000000 2.500000 -10.000000 0.000000 
-195.300000 -9.600000 0.000000 -112.500000 -5.000000 0.000000 -55.000000 -5.000000 0.000000 2.500000 -5.000000 0.000000 
-195.300000 -4.600000 0.000000 -128.025000 3.450000 0.000000 -60.750000 20.700000 0.000000 1.925000 19.550000 0.000000 

2.500000 -15.000000 0.000000 60.000000 -15.000000 0.000000 117.500000 -15.000000 0.000000 203.750000 -19.600000 0.000000 
2.500000 -10.000000 0.000000 60.000000 -10.000000 0.000000 117.500000 -10.000000 0.000000 203.750000 -14.600000 0.000000 
2.500000 -5.000000 0.000000 60.000000 -5.000000 0.000000 117.500000 -5.000000 0.000000 203.750000 -9.600000 0.000000 
1.925000 19.550000 0.000000 69.200000 20.700000 0.000000 136.475000 3.450000 0.000000 203.750000 -4.600000 0.000000 

