-218.400000 -38.800000 0.000000 -142.200000 -38.800000 0.000000 -66.000000 -38.800000 0.000000 1.400000 -38.800000 0.000000 
-218.400000 -33.800000 0.000000 -112.500000 -25.000000 0.000000 -55.000000 -25.000000 0.000000 2.500000 -25.000000 0.000000 
-218.400000 -28.800000 0.000000 -112.500000 -20.000000 0.000000 -55.000000 -20.000000 0.000000 2.500000 -20.000000 0.000000 
-218.400000 -23.800000 0.000000 -112.500000 -15.000000 0.000000 -55.000000 -15.000000 0.000000 2.500000 -15.000000 0.000000 

1.400000 -38.800000 0.000000 77.600000 -38.800000 0.000000 153.800000 -38.800000 0.000000 230.000000 -38.800000 0.000000 
2.500000 -25.000000 0.000000 60.000000 -25.000000 0.000000 117.500000 -25.000000 0.000000 230.000000 -33.800000 0.000000 
2.500000 -20.000000 0.000000 60.000000 -20.000000 0.000000 117.500000 -20.000000 0.000000 230.000000 -28.800000 0.000000 
2.500000 -15.000000 0.000000 60.000000 -15.000000 0.000000 117.500000 -15.000000 0.000000 230.000000 -23.800000 0.000000 

-218.400000 -23.800000 0.000000 -112.500000 -15.000000 0.000000 -55.000000 -15.000000 0.000000 2.500000 -15.000000 0.000000 
-218.400000 -18.800000 0.000000 -112.500000 -10.000000 0.000000 -55.000000 -10.000000 0.000000 2.500000 -10.000000 0.000000 
-218.400000 -13.800000 0.000000 -112.500000 -5.000000 0.000000 -55.000000 -5.000000 0.000000 2.500000 -5.000000 0.000000 
-218.400000 -8.800000 0.000000 -142.200000 6.600000 0.000000 -66.000000 39.600000 0.000000 1.400000 37.400000 0.000000 

2.500000 -15.000000 0.000000 60.000000 -15.000000 0.000000 117.500000 -15.000000 0.000000 230.000000 -23.800000 0.000000 
2.500000 -10.000000 0.000000 60.000000 -10.000000 0.000000 117.500000 -10.000000 0.000000 230.000000 -18.800000 0.000000 
2.500000 -5.000000 0.000000 60.000000 -5.000000 0.000000 117.500000 -5.000000 0.000000 230.000000 -13.800000 0.000000 
1.400000 37.400000 0.000000 77.600000 39.600000 0.000000 153.800000 6.600000 0.000000 230.000000 -8.800000 0.000000 

