1
1
1
18
377.980058 -73.547538
289.084668 -79.287441
111.960000 -67.913333
160.000000 -64.833333
230.000000 -58.743333
299.916667 -64.633333
370.000000 -64.750000
440.000000 -64.850000
520.000000 -64.956667
520.000000 -74.966667
520.000000 -100.000000
440.000000 -100.000000
370.000000 -100.000000
300.000000 -100.000000
230.000000 -100.000000
160.000000 -100.000000
115.000000 -100.000000
113.000000 -75.000000
23
7 8 5
5 15 2
2 14 6
4 18 16
3 17 18
4 16 15
18 17 16
5 2 6
15 14 2
4 3 18
5 4 15
5 3 4
7 5 6
14 7 6
1 8 7
14 13 7
7 13 1
8 9 5
12 1 13
8 1 12
8 12 10
8 10 9
12 11 10

