48
75.969230 -35.345277
79.727494 -35.345277
80.980248 -35.345277
83.485757 -35.345277
87.244020 -35.345277
88.496775 -35.345277
91.002284 -35.345277
162.670220 -35.414510
186.559532 -35.437587
234.338157 -35.483742
285.870202 -39.189913
303.047551 -40.425303
337.402248 -42.896083
376.220761 -43.637778
389.160266 -43.885009
415.039275 -44.379473
418.797538 -44.379473
420.050293 -44.379473
422.555802 -44.379473
422.555802 -50.780042
422.555802 -52.913566
422.555802 -57.180612
422.555802 -63.581182
422.555802 -65.714706
422.555802 -69.981752
418.797538 -69.981752
417.544784 -69.981752
415.039275 -69.981752
411.281012 -69.981752
410.028257 -69.981752
407.522748 -69.981752
346.430930 -67.721911
326.066991 -66.968631
285.339112 -65.462070
188.170698 -63.204814
155.781226 -62.452395
91.002284 -60.947557
87.244020 -60.947557
85.991266 -60.947557
83.485757 -60.947557
79.727494 -60.947557
78.474739 -60.947557
75.969230 -60.947557
75.969230 -54.546987
75.969230 -52.413464
75.969230 -48.146417
75.969230 -41.745847
75.969230 -39.612324

